size 28

page "Defused.png"
# fields: unicode codepoint, x-advance, bitmap region (x,y,w,h), draw coordinate (x,y)
g 81 36 0 1 44 49 -5 -29
g 64 42 44 1 49 47 -4 -33
g 71 33 93 1 44 41 -3 -31
g 85 33 137 1 44 41 -5 -34
g 90 31 181 1 38 41 -4 -35
g 50 31 219 1 40 40 -6 -30
g 53 30 259 1 38 40 -5 -32
g 67 32 297 1 42 40 -6 -32
g 69 28 339 1 41 40 -5 -30
g 87 44 380 1 52 40 -4 -30
g 113 29 432 1 36 40 -5 -24
g 56 30 468 1 42 38 -4 -33
g 66 33 0 51 43 38 -6 -31
g 68 34 43 51 45 38 -5 -31
g 72 32 88 49 42 38 -4 -33
g 79 35 130 43 46 38 -6 -32
g 82 32 176 43 38 38 -4 -33
g 83 32 214 43 41 38 -4 -32
g 89 31 255 42 40 38 -5 -31
g 36 31 295 42 38 37 -4 -29
g 70 27 333 42 33 37 -4 -31
g 75 33 366 42 43 37 -5 -32
g 77 43 409 42 53 37 -7 -30
g 78 36 462 42 45 37 -4 -30
g 38 35 0 90 41 36 -4 -30
g 48 32 41 90 41 36 -7 -30
g 49 20 82 90 29 36 -5 -30
g 51 30 111 88 41 36 -5 -29
g 73 10 152 82 20 36 -5 -30
g 33 13 172 82 17 35 -2 -30
g 43 29 189 82 34 35 -3 -30
g 52 32 223 82 42 35 -5 -29
g 54 30 265 81 37 35 -5 -29
g 57 30 302 80 35 35 -3 -29
g 65 34 337 80 45 35 -6 -30
g 76 27 382 80 34 35 -4 -28
g 80 30 416 80 37 35 -4 -30
g 84 30 453 80 36 35 -4 -30
g 92 15 0 127 24 35 -5 -30
g 40 14 24 127 23 34 -3 -28
g 55 29 47 127 40 34 -5 -29
g 88 36 87 127 44 34 -6 -29
g 41 14 131 125 21 33 -3 -29
g 47 16 152 119 21 33 -3 -28
g 63 26 173 118 32 33 -4 -29
g 99 25 205 118 33 33 -5 -26
g 101 22 238 118 34 33 -5 -24
g 103 26 272 117 36 33 -3 -25
g 117 26 308 116 36 33 -5 -27
g 119 35 344 116 42 33 -4 -24
g 122 24 386 116 31 33 -4 -28
g 74 27 417 116 33 32 -3 -28
g 86 35 450 116 43 32 -5 -28
g 114 25 0 163 31 32 -4 -27
g 59 12 31 162 18 31 -2 -21
g 98 26 49 162 35 31 -5 -25
g 100 27 84 162 37 31 -5 -25
g 104 25 121 162 34 31 -4 -26
g 107 26 155 153 34 31 -4 -26
g 111 28 189 152 37 31 -5 -25
g 121 24 226 152 33 31 -5 -25
g 102 21 259 152 28 30 -4 -25
g 109 33 287 151 43 30 -6 -24
g 110 28 330 150 37 30 -4 -24
g 115 25 367 150 34 30 -4 -25
g 105 8 401 150 17 29 -5 -24
g 108 21 418 149 28 29 -4 -22
g 116 24 446 149 30 29 -4 -24
g 97 27 476 149 36 28 -5 -24
g 112 24 0 196 31 28 -4 -24
g 120 28 31 194 37 28 -6 -23
g 106 21 68 194 27 27 -3 -23
g 118 27 95 194 35 27 -5 -23
g 58 12 130 194 16 26 -2 -22
g 91 24 146 194 30 26 -3 -27
g 93 24 176 185 30 26 -4 -27
g 95 84 206 184 89 26 -3 -19
g 123 24 295 182 30 26 -3 -27
g 124 84 325 182 89 26 -3 -19
g 125 24 414 180 30 26 -4 -27
g 126 84 0 225 89 26 -3 -19
g 61 29 89 222 34 23 -3 -25
g 39 10 123 222 13 22 -2 -29
g 34 15 136 221 18 21 -2 -28
g 42 18 154 221 21 21 -2 -30
g 44 13 175 221 17 20 -2 -10
g 45 15 192 212 19 18 -2 -19
g 46 13 211 211 16 18 -2 -12
g 0 10 227 211 14 17 -3 -14
g 32 19 241 211 6 6 -3 -3
g 160 19 247 211 6 6 -3 -3