size 14

page "SegoeJP_0.png"
# fields: unicode codepoint, x-advance, bitmap region (x,y,w,h), draw coordinate (x,y)

style normal
g 0 11 232 38 8 11 1 -12
g 13 0 0 0 0 0 0 0
g 32 4 0 0 0 0 0 0
g 33 4 140 51 2 10 1 -10
g 34 5 40 166 4 3 1 -10
g 35 8 142 51 8 10 0 -10
g 36 8 25 0 6 13 1 -11
g 37 11 150 51 11 10 0 -10
g 38 11 161 51 11 10 0 -10
g 39 3 44 166 2 3 1 -10
g 40 4 222 26 5 12 0 -10
g 41 4 227 26 4 12 0 -10
g 42 6 138 157 6 5 0 -10
g 43 10 168 141 8 7 1 -7
g 44 3 236 155 3 4 0 -2
g 45 6 156 162 5 1 0 -4
g 46 3 90 163 3 2 0 -2
g 47 5 240 38 7 11 -1 -10
g 48 8 172 51 7 10 0 -10
g 49 8 179 51 6 10 1 -10
g 50 8 185 51 7 10 0 -10
g 51 8 192 51 7 10 0 -10
g 52 8 199 51 8 10 0 -10
g 53 8 207 51 6 10 1 -10
g 54 8 213 51 7 10 0 -10
g 55 8 220 51 7 10 0 -10
g 56 8 227 51 7 10 0 -10
g 57 8 234 49 7 10 0 -10
g 58 3 176 141 3 7 0 -7
g 59 3 8 143 3 9 0 -7
g 60 10 55 143 7 8 1 -8
g 61 10 239 155 8 4 1 -6
g 62 10 62 143 7 8 1 -8
g 63 6 241 49 6 10 0 -10
g 64 13 231 26 12 12 1 -10
g 65 9 247 49 9 10 0 -10
g 66 8 0 63 7 10 1 -10
g 67 9 7 63 8 10 0 -10
g 68 10 15 63 9 10 1 -10
g 69 7 24 63 6 10 1 -10
g 70 7 30 63 6 10 1 -10
g 71 10 36 62 9 10 0 -10
g 72 10 45 62 8 10 1 -10
g 73 4 53 62 4 10 0 -10
g 74 5 57 62 4 10 0 -10
g 75 8 61 62 8 10 1 -10
g 76 7 69 62 6 10 1 -10
g 77 13 75 62 11 10 1 -10
g 78 10 86 62 9 10 1 -10
g 79 11 95 62 10 10 0 -10
g 80 8 105 62 7 10 1 -10
g 81 11 31 0 11 13 0 -10
g 82 8 112 62 8 10 1 -10
g 83 7 120 62 7 10 0 -10
g 84 7 127 62 8 10 0 -10
g 85 10 135 62 8 10 1 -10
g 86 9 143 61 9 10 0 -10
g 87 13 152 61 13 10 0 -10
g 88 8 165 61 9 10 0 -10
g 89 8 174 61 8 10 0 -10
g 90 8 182 61 8 10 0 -10
g 91 4 243 26 3 12 1 -10
g 92 5 247 38 7 11 -1 -10
g 93 4 246 26 3 12 0 -10
g 94 10 60 158 8 6 1 -10
g 95 6 161 162 6 1 0 1
g 96 4 93 163 4 2 0 -10
g 97 7 179 141 7 7 0 -7
g 98 8 190 61 7 10 1 -10
g 99 6 186 141 6 7 0 -7
g 100 8 197 61 8 10 0 -10
g 101 7 192 141 7 7 0 -7
g 102 4 205 61 5 10 0 -10
g 103 8 210 61 8 10 0 -7
g 104 8 218 61 6 10 1 -10
g 105 3 224 61 3 10 0 -10
g 106 3 42 0 5 13 -2 -10
g 107 7 227 61 6 10 1 -10
g 108 3 233 61 2 10 1 -10
g 109 12 199 141 11 7 1 -7
g 110 8 210 141 6 7 1 -7
g 111 8 216 141 8 7 0 -7
g 112 8 235 59 7 10 1 -7
g 113 8 242 59 8 10 0 -7
g 114 5 69 142 4 8 1 -8
g 115 6 224 141 6 7 0 -7
g 116 5 250 59 5 10 0 -10
g 117 8 230 141 7 7 0 -7
g 118 7 237 141 7 7 0 -7
g 119 10 244 141 10 7 0 -7
g 120 6 0 153 7 7 0 -7
g 121 7 0 73 7 10 0 -7
g 122 6 7 153 7 7 0 -7
g 123 4 249 26 4 12 0 -10
g 124 3 0 0 2 14 1 -11
g 125 4 0 40 4 12 0 -10
g 126 10 97 163 8 2 1 -5
g 160 4 0 0 0 0 0 0
g 161 4 7 73 2 10 1 -7
g 162 8 9 73 6 10 1 -10
g 163 8 15 73 7 10 0 -10
g 164 8 73 142 8 8 0 -9
g 165 8 22 73 8 10 0 -10
g 166 3 2 0 2 14 1 -11
g 167 6 30 73 6 10 0 -10
g 168 6 105 163 5 2 0 -10
g 169 12 36 72 11 10 1 -10
g 170 5 144 157 5 5 0 -10
g 171 7 149 157 7 5 0 -6
g 172 10 247 155 8 4 1 -6
g 173 6 167 162 5 1 0 -4
g 174 12 47 72 11 10 1 -10
g 175 6 172 162 6 1 0 -10
g 176 5 0 167 5 4 0 -10
g 177 10 81 142 8 8 1 -8
g 178 5 68 158 5 6 0 -12
g 179 5 73 157 5 6 0 -12
g 180 4 110 163 4 2 0 -10
g 181 8 58 72 7 10 1 -7
g 182 6 65 72 6 10 0 -10
g 183 3 114 163 3 2 0 -5
g 184 3 46 166 3 3 0 0
g 185 5 14 152 5 7 0 -13
g 186 6 156 157 6 5 0 -10
g 187 7 162 157 7 5 0 -6
g 188 13 0 52 12 11 0 -11
g 189 13 12 52 12 11 0 -11
g 190 13 71 72 13 10 0 -10
g 191 6 84 72 6 10 0 -7
g 192 9 47 0 9 13 0 -13
g 193 9 56 0 9 13 0 -13
g 194 9 65 0 9 13 0 -13
g 195 9 4 40 9 12 0 -12
g 196 9 74 0 9 13 0 -13
g 197 9 13 40 9 12 0 -12
g 198 12 90 72 12 10 0 -10
g 199 9 83 0 8 13 0 -10
g 200 7 91 0 6 13 1 -13
g 201 7 97 0 6 13 1 -13
g 202 7 103 0 6 13 1 -13
g 203 7 109 0 6 13 1 -13
g 204 4 115 0 4 13 0 -13
g 205 4 119 0 4 13 0 -13
g 206 4 123 0 5 13 -1 -13
g 207 4 128 0 5 13 -1 -13
g 208 10 102 72 10 10 0 -10
g 209 10 22 40 9 12 1 -12
g 210 11 133 0 10 13 0 -13
g 211 11 143 0 10 13 0 -13
g 212 11 153 0 10 13 0 -13
g 213 11 31 39 10 12 0 -12
g 214 11 163 0 10 13 0 -13
g 215 10 78 157 7 6 1 -7
g 216 11 41 39 10 12 0 -11
g 217 10 173 0 8 13 1 -13
g 218 10 181 0 8 13 1 -13
g 219 10 189 0 8 13 1 -13
g 220 10 197 0 8 13 1 -13
g 221 8 205 0 8 13 0 -13
g 222 8 112 72 7 10 1 -10
g 223 8 119 72 7 10 1 -10
g 224 7 126 72 7 10 0 -10
g 225 7 133 72 7 10 0 -10
g 226 7 140 72 7 10 0 -10
g 227 7 147 71 7 10 0 -10
g 228 7 154 71 7 10 0 -10
g 229 7 24 52 7 11 0 -11
g 230 12 19 152 12 7 0 -7
g 231 6 161 71 6 10 0 -7
g 232 7 167 71 7 10 0 -10
g 233 7 174 71 7 10 0 -10
g 234 7 181 71 7 10 0 -10
g 235 7 188 71 7 10 0 -10
g 236 3 195 71 4 10 -1 -10
g 237 3 199 71 4 10 0 -10
g 238 3 203 71 5 10 -1 -10
g 239 3 208 71 5 10 -1 -10
g 240 8 31 51 8 11 0 -11
g 241 8 213 71 6 10 1 -10
g 242 8 219 71 8 10 0 -10
g 243 8 227 71 8 10 0 -10
g 244 8 235 69 8 10 0 -10
g 245 8 243 69 8 10 0 -10
g 246 8 0 83 8 10 0 -10
g 247 10 31 152 8 7 1 -7
g 248 8 11 143 9 9 0 -8
g 249 8 8 83 7 10 0 -10
g 250 8 15 83 7 10 0 -10
g 251 8 22 83 7 10 0 -10
g 252 8 29 83 7 10 0 -10
g 253 7 213 0 7 13 0 -10
g 254 8 220 0 7 13 1 -10
g 255 7 227 0 7 13 0 -10

style bold
g 13 0 0 0 0 0 0 0
g 32 4 0 0 0 0 0 0
g 33 5 36 82 3 10 1 -10
g 34 7 49 166 5 3 1 -10
g 35 8 39 82 9 10 0 -10
g 36 8 234 0 8 13 0 -11
g 37 12 48 82 12 10 0 -10
g 38 12 60 82 12 10 0 -10
g 39 4 54 166 2 3 1 -10
g 40 5 51 39 5 12 1 -10
g 41 5 56 39 5 12 0 -10
g 42 6 85 157 6 6 0 -10
g 43 10 39 152 8 7 1 -8
g 44 4 5 167 3 4 0 -2
g 45 6 56 166 5 3 0 -5
g 46 4 61 164 4 3 0 -3
g 47 6 39 51 8 11 -1 -10
g 48 8 72 82 8 10 0 -10
g 49 8 80 82 7 10 1 -10
g 50 8 87 82 8 10 0 -10
g 51 8 95 82 7 10 1 -10
g 52 8 102 82 8 10 0 -10
g 53 8 110 82 7 10 1 -10
g 54 8 117 82 8 10 0 -10
g 55 8 125 82 8 10 0 -10
g 56 8 133 82 8 10 0 -10
g 57 8 141 82 8 10 0 -10
g 58 4 47 152 4 7 0 -7
g 59 4 20 143 4 9 0 -7
g 60 10 89 142 8 8 1 -8
g 61 10 91 157 8 6 1 -7
g 62 10 97 142 8 8 1 -8
g 63 6 149 81 6 10 0 -10
g 64 13 61 39 13 12 0 -10
g 65 10 155 81 10 10 0 -10
g 66 9 165 81 8 10 1 -10
g 67 9 173 81 9 10 0 -10
g 68 10 182 81 9 10 1 -10
g 69 7 191 81 6 10 1 -10
g 70 7 197 81 6 10 1 -10
g 71 10 203 81 10 10 0 -10
g 72 11 213 81 9 10 1 -10
g 73 4 222 81 5 10 0 -10
g 74 6 227 81 6 10 0 -10
g 75 9 233 81 9 10 1 -10
g 76 7 242 79 6 10 1 -10
g 77 13 0 93 12 10 1 -10
g 78 11 12 93 9 10 1 -10
g 79 11 21 93 11 10 0 -10
g 80 9 32 93 8 10 1 -10
g 81 11 242 0 11 13 0 -10
g 82 9 40 92 9 10 1 -10
g 83 8 49 92 8 10 0 -10
g 84 8 57 92 8 10 0 -10
g 85 10 65 92 9 10 1 -10
g 86 9 74 92 10 10 0 -10
g 87 14 84 92 14 10 0 -10
g 88 9 98 92 10 10 0 -10
g 89 9 108 92 9 10 0 -10
g 90 9 117 92 9 10 0 -10
g 91 5 74 39 4 12 1 -10
g 92 6 47 51 7 11 0 -10
g 93 5 78 39 4 12 0 -10
g 94 10 99 157 8 6 1 -10
g 95 6 178 160 6 1 0 1
g 96 4 117 163 5 2 0 -10
g 97 8 51 152 7 7 0 -7
g 98 9 126 92 9 10 0 -10
g 99 7 58 151 7 7 0 -7
g 100 9 135 92 8 10 0 -10
g 101 8 65 151 8 7 0 -7
g 102 5 143 92 6 10 0 -10
g 103 9 149 91 8 10 0 -7
g 104 8 157 91 8 10 0 -10
g 105 4 165 91 4 10 0 -10
g 106 4 0 14 5 13 -1 -10
g 107 8 169 91 8 10 0 -10
g 108 4 177 91 4 10 0 -10
g 109 13 73 150 13 7 0 -7
g 110 8 86 150 8 7 0 -7
g 111 9 94 150 9 7 0 -7
g 112 9 181 91 9 10 0 -7
g 113 9 190 91 8 10 0 -7
g 114 6 105 142 6 8 0 -8
g 115 6 103 150 6 7 0 -7
g 116 5 198 91 6 10 0 -10
g 117 8 109 150 8 7 0 -7
g 118 8 117 150 8 7 0 -7
g 119 11 125 150 12 7 0 -7
g 120 8 137 150 8 7 0 -7
g 121 8 204 91 9 10 -1 -7
g 122 7 145 150 7 7 0 -7
g 123 5 5 14 5 13 0 -10
g 124 5 4 0 3 14 1 -11
g 125 5 10 14 5 13 0 -10
g 126 10 8 167 8 4 1 -6
g 160 4 0 0 0 0 0 0
g 161 5 213 91 3 10 1 -7
g 162 8 216 91 6 10 1 -10
g 163 8 222 91 8 10 0 -10
g 164 8 111 142 8 8 0 -9
g 165 8 230 91 8 10 0 -10
g 166 5 7 0 3 14 1 -11
g 167 7 238 91 7 10 0 -10
g 168 6 122 163 6 2 0 -10
g 169 12 0 103 12 10 0 -10
g 170 6 169 157 6 5 0 -10
g 171 8 175 155 8 5 0 -6
g 172 10 183 155 8 5 1 -7
g 173 6 65 164 5 3 0 -5
g 174 12 12 103 12 10 0 -10
g 175 6 184 160 6 1 0 -10
g 176 5 191 155 5 5 0 -10
g 177 10 24 143 8 9 1 -9
g 178 6 119 142 5 8 0 -13
g 179 6 152 150 5 7 0 -12
g 180 4 128 163 5 2 0 -10
g 181 9 24 103 8 10 0 -7
g 182 7 32 103 7 10 0 -10
g 183 4 70 164 4 3 0 -6
g 184 3 74 163 4 3 0 0
g 185 6 157 150 5 7 0 -12
g 186 6 107 157 6 6 0 -10
g 187 8 196 155 8 5 0 -6
g 188 13 54 51 13 11 0 -11
g 189 14 67 51 13 11 0 -11
g 190 14 39 103 13 10 0 -10
g 191 6 52 102 6 10 0 -7
g 192 10 15 14 10 13 0 -13
g 193 10 25 13 10 13 0 -13
g 194 10 35 13 10 13 0 -13
g 195 10 45 13 10 13 0 -13
g 196 10 82 39 10 12 0 -12
g 197 10 92 39 10 12 0 -12
g 198 13 58 102 14 10 -1 -10
g 199 9 55 13 9 13 0 -10
g 200 7 64 13 6 13 1 -13
g 201 7 70 13 6 13 1 -13
g 202 7 76 13 6 13 1 -13
g 203 7 102 39 6 12 1 -12
g 204 4 82 13 6 13 -1 -13
g 205 4 88 13 5 13 0 -13
g 206 4 93 13 6 13 -1 -13
g 207 4 108 39 6 12 -1 -12
g 208 10 72 102 10 10 0 -10
g 209 11 99 13 9 13 1 -13
g 210 11 108 13 11 13 0 -13
g 211 11 119 13 11 13 0 -13
g 212 11 130 13 11 13 0 -13
g 213 11 10 0 11 14 0 -14
g 214 11 141 13 11 13 0 -13
g 215 10 124 142 8 8 1 -8
g 216 11 114 39 11 12 0 -11
g 217 10 152 13 9 13 1 -13
g 218 10 161 13 9 13 1 -13
g 219 10 170 13 9 13 1 -13
g 220 10 179 13 9 13 1 -13
g 221 9 188 13 9 13 0 -13
g 222 9 82 102 8 10 1 -10
g 223 9 90 102 9 10 0 -10
g 224 8 99 102 7 10 0 -10
g 225 8 106 102 7 10 0 -10
g 226 8 113 102 7 10 0 -10
g 227 8 120 102 7 10 0 -10
g 228 8 127 102 7 10 0 -10
g 229 8 80 51 7 11 0 -11
g 230 12 162 150 12 7 0 -7
g 231 7 134 102 7 10 0 -7
g 232 8 141 102 8 10 0 -10
g 233 8 149 101 8 10 0 -10
g 234 8 157 101 8 10 0 -10
g 235 8 165 101 8 10 0 -10
g 236 4 173 101 5 10 -1 -10
g 237 4 178 101 5 10 0 -10
g 238 4 183 101 6 10 -1 -10
g 239 4 189 101 6 10 -1 -10
g 240 8 87 51 8 11 0 -11
g 241 8 195 101 8 10 0 -10
g 242 9 203 101 9 10 0 -10
g 243 9 212 101 9 10 0 -10
g 244 9 221 101 9 10 0 -10
g 245 9 230 101 9 10 0 -10
g 246 9 239 101 9 10 0 -10
g 247 10 174 148 8 7 1 -7
g 248 9 32 143 9 9 0 -8
g 249 8 248 79 8 10 0 -10
g 250 8 0 113 8 10 0 -10
g 251 8 8 113 8 10 0 -10
g 252 8 16 113 8 10 0 -10
g 253 8 197 13 9 13 -1 -10
g 254 9 206 13 9 13 0 -10
g 255 8 215 13 9 13 -1 -10

style italic
g 13 0 0 0 0 0 0 0
g 32 4 0 0 0 0 0 0
g 33 4 24 113 5 10 0 -10
g 34 5 78 163 4 3 1 -10
g 35 8 29 113 9 10 0 -10
g 36 8 224 13 8 13 0 -11
g 37 12 38 113 10 10 1 -10
g 38 11 48 113 11 10 0 -10
g 39 3 82 163 2 3 1 -10
g 40 4 125 39 6 12 0 -10
g 41 4 131 39 6 12 -2 -10
g 42 6 204 155 5 5 1 -10
g 43 10 182 148 8 7 1 -7
g 44 3 16 167 3 4 -1 -2
g 45 6 190 160 5 1 0 -4
g 46 3 133 163 2 2 0 -2
g 47 6 95 51 10 11 -2 -10
g 48 8 59 112 8 10 0 -10
g 49 8 67 112 7 10 0 -10
g 50 8 74 112 9 10 -1 -10
g 51 8 83 112 8 10 0 -10
g 52 8 91 112 8 10 0 -10
g 53 8 99 112 8 10 0 -10
g 54 8 107 112 8 10 0 -10
g 55 8 115 112 9 10 0 -10
g 56 8 124 112 8 10 0 -10
g 57 8 132 112 8 10 0 -10
g 58 3 190 148 3 7 0 -7
g 59 3 41 143 4 9 -1 -7
g 60 10 132 142 7 8 1 -8
g 61 10 19 166 8 4 1 -6
g 62 10 139 142 7 8 2 -8
g 63 6 140 112 6 10 1 -10
g 64 13 137 39 12 12 1 -10
g 65 9 146 112 10 10 -1 -10
g 66 8 156 111 8 10 0 -10
g 67 9 164 111 10 10 0 -10
g 68 10 174 111 10 10 0 -10
g 69 7 184 111 8 10 0 -10
g 70 7 192 111 8 10 0 -10
g 71 10 200 111 10 10 0 -10
g 72 10 210 111 10 10 0 -10
g 73 4 220 111 4 10 0 -10
g 74 5 224 111 6 10 -1 -10
g 75 8 230 111 10 10 0 -10
g 76 6 240 111 6 10 0 -10
g 77 11 0 123 12 10 0 -10
g 78 11 12 123 11 10 0 -10
g 79 11 23 123 11 10 0 -10
g 80 8 34 123 9 10 0 -10
g 81 11 232 13 11 13 0 -10
g 82 8 43 123 8 10 0 -10
g 83 7 51 123 7 10 0 -10
g 84 7 58 123 8 10 1 -10
g 85 10 66 122 9 10 1 -10
g 86 9 75 122 9 10 1 -10
g 87 13 84 122 14 10 1 -10
g 88 8 98 122 11 10 -1 -10
g 89 8 109 122 8 10 1 -10
g 90 8 117 122 11 10 -1 -10
g 91 4 149 39 6 12 0 -10
g 92 5 105 51 4 11 1 -10
g 93 4 155 39 7 12 -2 -10
g 94 10 113 157 8 6 1 -10
g 95 6 195 160 7 1 -2 1
g 96 5 135 163 4 2 1 -10
g 97 8 193 148 8 7 0 -7
g 98 8 128 122 8 10 0 -10
g 99 6 201 148 7 7 0 -7
g 100 8 136 122 8 10 0 -10
g 101 7 208 148 7 7 0 -7
g 102 4 162 39 6 12 0 -10
g 103 8 144 122 9 10 -1 -7
g 104 8 153 122 8 10 0 -10
g 105 4 161 121 4 10 0 -10
g 106 3 243 13 7 13 -3 -10
g 107 7 165 121 8 10 0 -10
g 108 4 173 121 4 10 0 -10
g 109 12 215 148 12 7 0 -7
g 110 8 227 148 8 7 0 -7
g 111 8 235 148 7 7 0 -7
g 112 8 177 121 9 10 -1 -7
g 113 8 186 121 8 10 0 -7
g 114 5 146 142 6 8 0 -8
g 115 6 242 148 6 7 0 -7
g 116 5 194 121 5 10 0 -10
g 117 8 248 148 8 7 0 -7
g 118 7 0 160 8 7 0 -7
g 119 10 8 160 11 7 0 -7
g 120 6 19 159 8 7 -1 -7
g 121 7 199 121 10 10 -2 -7
g 122 6 27 159 8 7 -1 -7
g 123 4 168 39 6 12 0 -10
g 124 3 21 0 2 14 1 -11
g 125 4 174 39 5 12 -1 -10
g 126 10 139 162 8 2 1 -5
g 160 4 0 0 0 0 0 0
g 161 4 209 121 4 10 0 -7
g 162 8 213 121 7 10 1 -10
g 163 8 220 121 8 10 0 -10
g 164 8 152 142 8 8 0 -9
g 165 8 228 121 9 10 0 -10
g 166 3 23 0 2 14 1 -11
g 167 6 237 121 7 10 0 -10
g 168 5 147 162 5 2 1 -10
g 169 13 244 121 11 10 1 -10
g 170 6 209 155 6 5 1 -10
g 171 7 215 155 8 5 0 -6
g 172 10 27 166 8 4 1 -6
g 173 6 202 160 5 1 0 -4
g 174 13 0 133 11 10 1 -10
g 175 5 207 160 5 1 1 -9
g 176 5 35 166 5 4 1 -10
g 177 10 160 142 8 8 1 -8
g 178 5 121 157 5 6 1 -12
g 179 5 126 157 5 6 1 -12
g 180 5 152 162 4 2 2 -10
g 181 8 11 133 9 10 -1 -7
g 182 6 20 133 6 10 1 -10
g 183 3 84 163 3 3 0 -6
g 184 5 87 163 3 3 0 0
g 185 5 35 159 5 7 1 -13
g 186 6 223 155 6 5 1 -10
g 187 7 229 155 7 5 0 -6
g 188 13 109 51 11 11 1 -11
g 189 13 120 51 12 11 1 -11
g 190 13 26 133 12 10 1 -10
g 191 6 38 133 6 10 -1 -7
g 192 9 0 27 10 13 -1 -13
g 193 9 10 27 10 13 -1 -13
g 194 9 20 27 10 13 -1 -13
g 195 9 179 39 10 12 -1 -12
g 196 9 30 26 10 13 -1 -13
g 197 9 189 39 10 12 -1 -12
g 198 12 44 133 14 10 -1 -10
g 199 9 40 26 10 13 0 -10
g 200 7 50 26 8 13 0 -13
g 201 7 58 26 8 13 0 -13
g 202 7 66 26 8 13 0 -13
g 203 7 74 26 8 13 0 -13
g 204 4 82 26 5 13 0 -13
g 205 4 87 26 6 13 0 -13
g 206 4 93 26 6 13 0 -13
g 207 4 99 26 6 13 0 -13
g 208 10 58 133 10 10 0 -10
g 209 11 199 39 11 12 0 -12
g 210 11 105 26 11 13 0 -13
g 211 11 116 26 11 13 0 -13
g 212 11 127 26 11 13 0 -13
g 213 11 210 39 11 12 0 -12
g 214 11 138 26 11 13 0 -13
g 215 10 131 157 7 6 1 -7
g 216 11 221 39 11 12 0 -11
g 217 10 149 26 9 13 1 -13
g 218 10 158 26 9 13 1 -13
g 219 10 167 26 9 13 1 -13
g 220 10 176 26 9 13 1 -13
g 221 8 185 26 8 13 1 -13
g 222 8 68 132 8 10 0 -10
g 223 8 76 132 8 10 0 -10
g 224 8 84 132 8 10 0 -10
g 225 8 92 132 8 10 0 -10
g 226 8 100 132 8 10 0 -10
g 227 8 108 132 8 10 0 -10
g 228 8 116 132 8 10 0 -10
g 229 8 132 51 8 11 0 -11
g 230 12 40 159 12 7 0 -7
g 231 6 124 132 7 10 0 -7
g 232 7 131 132 7 10 0 -10
g 233 7 138 132 7 10 0 -10
g 234 7 145 132 7 10 0 -10
g 235 7 152 132 7 10 0 -10
g 236 4 159 132 4 10 0 -10
g 237 4 163 131 5 10 0 -10
g 238 4 168 131 5 10 0 -10
g 239 4 173 131 5 10 0 -10
g 240 7 178 131 8 10 0 -10
g 241 8 186 131 8 10 0 -10
g 242 8 194 131 7 10 0 -10
g 243 8 201 131 7 10 0 -10
g 244 8 208 131 7 10 0 -10
g 245 8 215 131 7 10 0 -10
g 246 8 222 131 7 10 0 -10
g 247 10 52 159 8 7 1 -7
g 248 8 45 143 10 9 -1 -8
g 249 8 229 131 8 10 0 -10
g 250 8 237 131 8 10 0 -10
g 251 8 245 131 8 10 0 -10
g 252 8 0 143 8 10 0 -10
g 253 7 193 26 10 13 -2 -10
g 254 8 203 26 9 13 -1 -10
g 255 7 212 26 10 13 -2 -10

page "SegoeJP_1.png"
# fields: unicode codepoint, x-advance, bitmap region (x,y,w,h), draw coordinate (x,y)

style normal
g 12288 14 0 0 0 0 0 0
g 12289 14 149 580 4 3 1 -3
g 12290 14 97 580 4 4 1 -3
g 12291 14 84 580 7 5 3 -8
g 12292 14 517 327 12 12 1 -11
g 12293 14 559 556 11 11 1 -10
g 12294 14 570 556 12 11 1 -11
g 12295 14 582 556 12 11 1 -10
g 12296 14 637 14 6 13 8 -12
g 12297 14 643 14 6 13 0 -12
g 12298 14 649 14 7 13 7 -12
g 12299 14 656 14 7 13 0 -12
g 12300 14 529 327 5 12 8 -12
g 12301 14 534 327 5 12 1 -11
g 12302 14 539 327 6 12 8 -12
g 12303 14 545 327 5 12 1 -11
g 12304 14 663 14 5 13 9 -12
g 12305 14 668 14 4 13 1 -12
g 12306 14 275 569 10 10 2 -10
g 12307 14 285 569 14 10 0 -10
g 12308 14 0 0 4 15 9 -13
g 12309 14 4 0 4 15 1 -13
g 12310 14 672 14 5 13 9 -11
g 12311 14 677 14 5 13 0 -11
g 12312 14 8 0 5 15 9 -13
g 12313 14 13 0 5 15 0 -13
g 12314 14 550 327 4 12 9 -11
g 12315 14 554 327 4 12 1 -11
g 12316 14 101 580 14 4 0 -7
g 12317 14 61 580 5 6 9 -11
g 12318 14 66 580 5 6 0 -11
g 12319 14 71 580 6 6 0 -5
g 12320 14 594 556 14 11 0 -10
g 12336 14 115 580 14 4 0 -7
g 12337 14 558 327 6 12 4 -11
g 12338 14 564 327 10 12 2 -11
g 12339 14 682 14 9 13 2 -11
g 12340 14 0 29 11 13 2 -11
g 12341 14 11 29 9 13 2 -12
g 12342 14 20 29 14 13 0 -11
g 12343 14 574 327 12 12 1 -11
g 12347 14 586 327 7 12 4 -11
g 12348 14 299 569 10 10 2 -10
g 12349 14 309 568 12 10 1 -10
g 12353 14 608 556 10 11 2 -9
g 12354 14 593 327 12 12 1 -11
g 12355 14 673 566 10 8 2 -8
g 12356 14 321 568 12 10 1 -10
g 12357 14 333 568 8 10 2 -9
g 12358 14 605 327 10 12 2 -11
g 12359 14 341 568 10 10 2 -9
g 12360 14 615 327 13 12 1 -11
g 12361 14 351 568 10 10 2 -9
g 12362 14 628 327 13 12 1 -11
g 12363 14 641 327 13 12 1 -11
g 12364 14 31 0 13 14 1 -12
g 12365 14 654 327 12 12 1 -11
g 12366 14 34 29 13 13 1 -12
g 12367 14 666 327 9 12 3 -11
g 12368 14 675 327 11 12 2 -11
g 12369 14 686 327 12 12 2 -11
g 12370 14 47 28 13 13 1 -12
g 12371 14 618 556 11 11 2 -10
g 12372 14 60 28 13 13 1 -12
g 12373 14 0 341 12 12 1 -11
g 12374 14 73 28 13 13 1 -12
g 12375 14 12 341 10 12 3 -11
g 12376 14 22 341 10 12 3 -11
g 12377 14 86 28 12 13 1 -12
g 12378 14 98 28 13 13 1 -12
g 12379 14 111 28 12 13 1 -12
g 12380 14 123 28 14 13 0 -12
g 12381 14 32 341 12 12 1 -11
g 12382 14 137 28 14 13 1 -12
g 12383 14 44 341 12 12 1 -11
g 12384 14 151 28 13 13 1 -12
g 12385 14 56 341 12 12 1 -11
g 12386 14 164 28 12 13 1 -12
g 12387 14 683 566 10 8 1 -8
g 12388 14 361 568 12 10 1 -10
g 12389 14 68 341 14 12 0 -12
g 12390 14 373 568 12 10 1 -10
g 12391 14 385 568 13 10 1 -10
g 12392 14 82 341 11 12 2 -11
g 12393 14 93 341 12 12 2 -11
g 12394 14 105 341 12 12 1 -11
g 12395 14 117 341 11 12 2 -11
g 12396 14 128 341 14 12 0 -11
g 12397 14 142 341 14 12 0 -11
g 12398 14 629 556 12 11 1 -10
g 12399 14 156 341 13 12 1 -11
g 12400 14 176 28 13 13 1 -12
g 12401 14 189 28 14 13 1 -12
g 12402 14 641 555 14 11 0 -10
g 12403 14 169 341 14 12 0 -11
g 12404 14 183 341 15 12 0 -11
g 12405 14 655 555 14 11 0 -10
g 12406 14 198 340 14 12 0 -11
g 12407 14 212 340 14 12 0 -11
g 12408 14 0 580 14 8 0 -9
g 12409 14 398 568 14 10 0 -11
g 12410 14 412 568 14 10 0 -11
g 12411 14 226 340 13 12 1 -11
g 12412 14 203 28 12 13 1 -12
g 12413 14 215 28 14 13 1 -12
g 12414 14 239 340 12 12 1 -11
g 12415 14 669 555 13 11 1 -10
g 12416 14 251 340 13 12 1 -11
g 12417 14 229 28 12 13 1 -12
g 12418 14 264 340 12 12 1 -11
g 12419 14 426 568 10 10 2 -9
g 12420 14 276 340 13 12 0 -11
g 12421 14 682 555 10 11 2 -10
g 12422 14 44 0 12 14 1 -12
g 12423 14 436 568 9 10 2 -9
g 12424 14 289 340 12 12 1 -11
g 12425 14 301 340 11 12 2 -11
g 12426 14 312 340 9 12 3 -11
g 12427 14 0 569 11 11 1 -10
g 12428 14 321 340 14 12 0 -11
g 12429 14 11 569 11 11 1 -10
g 12430 14 445 568 11 10 1 -9
g 12431 14 335 340 13 12 0 -11
g 12432 14 348 340 12 12 1 -11
g 12433 14 360 340 14 12 0 -11
g 12434 14 374 340 12 12 1 -11
g 12435 14 22 569 13 11 1 -11
g 12436 14 386 340 13 12 1 -12
g 12437 14 456 568 11 10 2 -9
g 12438 14 35 569 11 11 2 -9
g 12441 14 91 580 6 5 0 -12
g 12442 14 129 580 4 4 1 -11
g 12443 14 133 580 6 4 0 -11
g 12444 14 139 580 4 4 1 -11
g 12445 14 14 580 7 8 3 -9
g 12446 14 582 567 9 9 3 -10
g 12447 14 46 569 12 11 1 -11
g 12448 14 143 580 6 4 4 -7
g 12449 14 591 567 10 9 2 -8
g 12450 14 58 569 13 11 1 -10
g 12451 14 467 568 10 10 1 -9
g 12452 14 399 340 12 12 1 -11
g 12453 14 71 569 9 11 2 -10
g 12454 14 241 28 11 13 1 -12
g 12455 14 50 580 11 7 1 -7
g 12456 14 601 567 13 9 0 -9
g 12457 14 477 568 11 10 1 -9
g 12458 14 252 28 13 13 1 -12
g 12459 14 265 28 11 13 1 -12
g 12460 14 56 0 12 14 0 -13
g 12461 14 276 28 14 13 0 -12
g 12462 14 68 0 13 14 0 -13
g 12463 14 290 28 12 13 1 -12
g 12464 14 81 0 13 14 0 -13
g 12465 14 411 340 14 12 0 -11
g 12466 14 425 340 14 12 0 -11
g 12467 14 488 568 11 10 1 -10
g 12468 14 439 340 14 12 0 -12
g 12469 14 453 340 14 12 0 -11
g 12470 14 302 28 14 13 0 -12
g 12471 14 467 340 13 12 1 -11
g 12472 14 480 340 13 12 1 -11
g 12473 14 80 569 14 11 0 -10
g 12474 14 316 28 14 13 0 -12
g 12475 14 493 340 12 12 1 -11
g 12476 14 330 28 13 13 1 -12
g 12477 14 94 569 12 11 1 -10
g 12478 14 505 340 12 12 1 -11
g 12479 14 343 28 12 13 1 -12
g 12480 14 94 0 13 14 0 -13
g 12481 14 517 339 12 12 1 -11
g 12482 14 529 339 12 12 1 -11
g 12483 14 614 567 10 9 2 -8
g 12484 14 106 569 12 11 1 -10
g 12485 14 541 339 13 12 0 -11
g 12486 14 118 569 12 11 1 -10
g 12487 14 355 28 13 13 1 -12
g 12488 14 368 28 9 13 4 -12
g 12489 14 377 28 9 13 4 -12
g 12490 14 386 28 12 13 1 -12
g 12491 14 624 567 12 9 1 -9
g 12492 14 130 569 12 11 1 -10
g 12493 14 398 28 14 13 0 -12
g 12494 14 554 339 10 12 2 -11
g 12495 14 564 339 14 12 0 -11
g 12496 14 412 28 14 13 0 -12
g 12497 14 426 28 14 13 0 -12
g 12498 14 578 339 10 12 3 -11
g 12499 14 440 28 12 13 2 -12
g 12500 14 452 28 12 13 2 -12
g 12501 14 142 569 11 11 2 -10
g 12502 14 464 28 13 13 1 -12
g 12503 14 477 28 14 13 1 -12
g 12504 14 636 567 14 9 0 -9
g 12505 14 499 568 14 10 0 -10
g 12506 14 153 569 14 11 0 -11
g 12507 14 491 28 13 13 0 -12
g 12508 14 504 28 13 13 0 -12
g 12509 14 517 28 13 13 0 -12
g 12510 14 167 569 13 11 1 -10
g 12511 14 588 339 12 12 1 -11
g 12512 14 600 339 13 12 0 -11
g 12513 14 613 339 11 12 1 -11
g 12514 14 180 569 12 11 1 -10
g 12515 14 513 568 11 10 1 -9
g 12516 14 530 28 12 13 1 -12
g 12517 14 21 580 11 8 1 -8
g 12518 14 650 566 14 9 0 -9
g 12519 14 32 580 9 8 2 -8
g 12520 14 192 569 11 11 1 -10
g 12521 14 624 339 11 12 1 -11
g 12522 14 635 339 9 12 3 -11
g 12523 14 542 28 14 13 0 -11
g 12524 14 644 339 11 12 2 -11
g 12525 14 524 568 10 10 2 -10
g 12526 14 664 566 9 9 2 -8
g 12527 14 203 569 11 11 2 -10
g 12528 14 556 28 12 13 1 -12
g 12529 14 534 568 14 10 0 -10
g 12530 14 214 569 11 11 2 -10
g 12531 14 225 569 11 11 2 -10
g 12532 14 568 28 12 13 1 -12
g 12533 14 548 568 9 10 2 -9
g 12534 14 557 568 11 10 1 -9
g 12535 14 655 339 13 12 1 -12
g 12536 14 580 28 14 13 0 -12
g 12537 14 594 28 14 13 0 -12
g 12538 14 608 28 13 13 1 -12
g 12539 14 153 580 4 3 5 -6
g 12540 14 157 580 12 1 1 -6
g 12541 14 77 580 7 6 3 -8
g 12542 14 41 580 9 8 3 -10
g 12543 14 668 339 8 12 3 -11
g 19968 14 169 580 14 1 0 -7
g 19969 14 676 339 14 12 0 -11
g 19971 14 0 353 14 12 0 -11
g 19975 14 14 353 14 12 0 -11
g 19976 14 28 353 14 12 0 -11
g 19977 14 236 569 13 11 0 -10
g 19978 14 42 353 14 12 0 -11
g 19979 14 56 353 14 12 0 -11
g 19981 14 70 353 14 12 0 -11
g 19982 14 84 353 14 12 0 -11
g 19988 14 98 353 14 12 0 -11
g 19990 14 112 353 14 12 0 -11
g 19992 14 126 353 14 12 0 -11
g 19993 14 140 353 14 12 0 -11
g 20001 14 154 353 14 12 0 -11
g 20006 14 168 353 14 12 0 -11
g 20013 14 182 353 12 12 1 -11
g 20018 14 194 353 12 12 1 -11
g 20024 14 621 28 14 13 0 -12
g 20025 14 206 352 14 12 0 -11
g 20027 14 635 28 14 13 0 -12
g 20028 14 220 352 14 12 0 -11
g 20037 14 649 27 14 13 0 -12
g 20047 14 234 352 14 12 0 -11
g 20055 14 663 27 14 13 0 -12
g 20057 14 248 352 12 12 1 -11
g 20061 14 677 27 14 13 0 -12
g 20062 14 0 42 13 13 0 -12
g 20081 14 13 42 14 13 0 -12
g 20083 14 27 42 14 13 0 -12
g 20094 14 260 352 14 12 0 -11
g 20096 14 41 42 14 13 0 -12
g 20102 14 274 352 14 12 0 -11
g 20104 14 288 352 14 12 0 -11
g 20105 14 55 41 14 13 0 -12
g 20107 14 107 0 14 14 0 -12
g 20108 14 568 567 14 10 0 -10
g 20114 14 302 352 14 12 0 -11
g 20116 14 316 352 14 12 0 -11
g 20117 14 330 352 14 12 0 -11
g 20124 14 344 352 14 12 0 -11
g 20129 14 358 352 14 12 0 -11
g 20132 14 372 352 14 12 0 -11
g 20139 14 69 41 14 13 0 -12
g 20140 14 83 41 14 13 0 -12
g 20141 14 97 41 14 13 0 -12
g 20154 14 386 352 14 12 0 -11
g 20161 14 400 352 14 12 0 -11
g 20170 14 111 41 14 13 0 -12
g 20171 14 125 41 14 13 0 -12
g 20175 14 414 352 14 12 0 -11
g 20181 14 139 41 14 13 0 -12
g 20182 14 153 41 14 13 0 -12
g 20184 14 428 352 14 12 0 -11
g 20185 14 442 352 13 12 0 -11
g 20195 14 455 352 14 12 0 -11
g 20196 14 167 41 14 13 0 -12
g 20197 14 469 352 14 12 0 -11
g 20206 14 181 41 14 13 0 -12
g 20208 14 195 41 14 13 0 -12
g 20210 14 209 41 14 13 0 -12
g 20214 14 483 352 14 12 0 -11
g 20219 14 223 41 14 13 0 -12
g 20225 14 497 352 14 12 0 -11
g 20238 14 237 41 14 13 0 -12
g 20239 14 511 352 14 12 0 -11
g 20240 14 251 41 14 13 0 -12
g 20241 14 265 41 14 13 0 -12
g 20250 14 525 351 14 12 0 -11
g 20253 14 279 41 14 13 0 -12
g 20271 14 293 41 13 13 0 -12
g 20276 14 306 41 14 13 0 -12
g 20280 14 320 41 13 13 0 -12
g 20282 14 333 41 13 13 0 -12
g 20284 14 346 41 14 13 0 -12
g 20294 14 360 41 14 13 0 -12
g 20301 14 539 351 14 12 0 -11
g 20302 14 553 351 14 12 0 -11
g 20303 14 567 351 14 12 0 -11
g 20304 14 374 41 14 13 0 -12
g 20307 14 581 351 14 12 0 -11
g 20309 14 388 41 14 13 0 -12
g 20313 14 402 41 14 13 0 -12
g 20316 14 416 41 14 13 0 -12
g 20339 14 430 41 14 13 0 -12
g 20341 14 595 351 14 12 0 -11
g 20351 14 444 41 14 13 0 -12
g 20363 14 458 41 13 13 0 -12
g 20365 14 471 41 14 13 0 -12
g 20379 14 609 351 14 12 0 -11
g 20381 14 485 41 14 13 0 -12
g 20385 14 499 41 14 13 0 -12
g 20398 14 513 41 14 13 0 -12
g 20399 14 623 351 14 12 0 -11
g 20405 14 637 351 14 12 0 -11
g 20406 14 527 41 14 13 0 -12
g 20415 14 541 41 14 13 0 -12
g 20418 14 555 41 14 13 0 -12
g 20419 14 569 41 14 13 0 -12
g 20426 14 583 41 14 13 0 -12
g 20439 14 651 351 14 12 0 -11
g 20445 14 665 351 14 12 0 -11
g 20449 14 597 41 14 13 0 -12
g 20462 14 611 41 14 13 0 -11
g 20467 14 679 351 14 12 0 -11
g 20469 14 0 365 14 12 0 -11
g 20472 14 14 365 14 12 0 -11
g 20474 14 28 365 14 12 0 -11
g 20489 14 625 41 14 13 0 -12
g 20491 14 121 0 13 14 0 -12
g 20493 14 639 41 14 13 0 -12
g 20498 14 42 365 14 12 0 -11
g 20505 14 56 365 14 12 0 -11
g 20511 14 653 40 14 13 0 -12
g 20515 14 70 365 14 12 0 -11
g 20516 14 667 40 14 13 0 -12
g 20523 14 681 40 14 13 0 -12
g 20537 14 0 55 14 13 0 -12
g 20553 14 14 55 14 13 0 -12
g 20559 14 84 365 14 12 0 -11
g 20572 14 28 55 14 13 0 -12
g 20581 14 42 55 14 13 0 -12
g 20596 14 56 54 14 13 0 -12
g 20597 14 70 54 14 13 0 -12
g 20598 14 98 365 14 12 0 -11
g 20605 14 84 54 14 13 0 -12
g 20621 14 98 54 14 13 0 -12
g 20625 14 112 54 14 13 0 -12
g 20632 14 126 54 14 13 0 -12
g 20633 14 140 54 14 13 0 -12
g 20652 14 112 365 14 12 0 -11
g 20658 14 126 365 14 12 0 -11
g 20661 14 154 54 14 13 0 -12
g 20663 14 168 54 14 13 0 -12
g 20670 14 140 365 14 12 0 -11
g 20677 14 182 54 14 13 0 -12
g 20685 14 134 0 14 14 0 -12
g 20687 14 196 54 14 13 0 -12
g 20693 14 210 54 14 13 0 -12
g 20698 14 224 54 14 13 0 -12
g 20711 14 238 54 14 13 0 -12
g 20736 14 252 54 14 13 0 -12
g 20740 14 266 54 14 13 0 -12
g 20754 14 148 0 14 14 0 -12
g 20767 14 280 54 14 13 0 -12
g 20778 14 154 365 14 12 0 -11
g 20803 14 168 365 14 12 0 -11
g 20804 14 182 365 14 12 0 -11
g 20805 14 294 54 14 13 0 -12
g 20806 14 196 365 14 12 0 -11
g 20808 14 308 54 14 13 0 -12
g 20809 14 322 54 14 13 0 -12
g 20811 14 336 54 14 13 0 -12
g 20813 14 350 54 14 13 0 -12
g 20816 14 210 364 14 12 0 -11
g 20826 14 364 54 14 13 0 -12
g 20837 14 224 364 14 12 0 -11
g 20840 14 238 364 14 12 0 -11
g 20843 14 252 364 14 12 0 -11
g 20844 14 266 364 14 12 0 -11
g 20845 14 378 54 14 13 0 -12
g 20849 14 280 364 14 12 0 -11
g 20853 14 294 364 14 12 0 -11
g 20855 14 308 364 14 12 0 -11
g 20856 14 322 364 14 12 0 -11
g 20860 14 392 54 14 13 0 -12
g 20869 14 406 54 12 13 1 -12
g 20870 14 336 364 12 12 1 -11
g 20874 14 348 364 14 12 0 -11
g 20877 14 362 364 14 12 0 -11
g 20882 14 376 364 12 12 1 -11
g 20887 14 388 364 14 12 0 -11
g 20889 14 402 364 14 12 0 -11
g 20896 14 416 364 14 12 0 -11
g 20901 14 430 364 14 12 0 -11
g 20908 14 418 54 14 13 0 -12
g 20918 14 432 54 14 13 0 -12
g 20919 14 446 54 14 13 0 -12
g 20932 14 460 54 14 13 0 -12
g 20934 14 474 54 14 13 0 -12
g 20941 14 162 0 14 14 0 -12
g 20957 14 444 364 14 12 0 -11
g 20961 14 458 364 14 12 0 -11
g 20966 14 488 54 14 13 0 -12
g 20982 14 472 364 12 12 1 -11
g 20984 14 484 364 12 12 1 -11
g 20985 14 496 364 12 12 1 -11
g 20986 14 508 364 12 12 1 -11
g 20992 14 520 364 13 12 0 -11
g 20995 14 502 54 13 13 0 -11
g 20998 14 533 363 14 12 0 -11
g 20999 14 176 0 13 14 0 -12
g 21000 14 515 54 13 13 0 -12
g 21002 14 528 54 13 13 0 -12
g 21009 14 541 54 13 13 0 -12
g 21015 14 547 363 13 12 0 -11
g 21021 14 554 54 13 13 0 -12
g 21028 14 567 54 13 13 0 -12
g 21029 14 560 363 13 12 0 -11
g 21033 14 573 363 13 12 0 -11
g 21040 14 580 54 13 13 0 -12
g 21046 14 593 54 13 13 0 -12
g 21047 14 586 363 13 12 0 -11
g 21048 14 606 54 14 13 0 -12
g 21049 14 620 54 13 13 0 -12
g 21050 14 633 54 13 13 0 -12
g 21051 14 599 363 13 12 0 -11
g 21063 14 612 363 13 12 0 -11
g 21066 14 625 363 13 12 0 -11
g 21069 14 646 54 14 13 0 -12
g 21078 14 660 53 13 13 0 -12
g 21083 14 638 363 13 12 0 -11
g 21085 14 673 53 13 13 0 -12
g 21091 14 651 363 13 12 0 -11
g 21092 14 664 363 13 12 0 -11
g 21103 14 686 53 13 13 0 -12
g 21104 14 0 68 13 13 0 -12
g 21106 14 13 68 13 13 0 -12
g 21109 14 26 68 13 13 0 -12
g 21127 14 18 0 13 15 0 -13
g 21147 14 39 68 13 13 0 -12
g 21151 14 52 68 13 13 0 -12
g 21152 14 65 67 13 13 0 -12
g 21155 14 78 67 14 13 0 -12
g 21161 14 189 0 13 14 0 -12
g 21162 14 92 67 14 13 0 -12
g 21169 14 677 363 14 12 0 -11
g 21172 14 106 67 14 13 0 -12
g 21177 14 120 67 13 13 0 -12
g 21182 14 202 0 14 14 0 -12
g 21187 14 0 377 14 12 0 -11
g 21189 14 14 377 14 12 0 -11
g 21191 14 28 377 13 12 0 -11
g 21193 14 133 67 14 13 0 -12
g 21205 14 147 67 13 13 0 -12
g 21208 14 160 67 13 13 0 -12
g 21209 14 173 67 14 13 0 -12
g 21213 14 41 377 14 12 0 -11
g 21215 14 55 377 14 12 0 -11
g 21218 14 187 67 14 13 0 -12
g 21220 14 201 67 13 13 0 -12
g 21223 14 214 67 13 13 0 -12
g 21234 14 227 67 14 13 0 -11
g 21246 14 241 67 13 13 0 -12
g 21250 14 254 67 13 13 0 -12
g 21253 14 267 67 14 13 0 -12
g 21270 14 69 377 14 12 0 -11
g 21271 14 83 377 14 12 0 -11
g 21280 14 281 67 13 13 1 -11
g 21305 14 97 377 13 12 1 -11
g 21306 14 294 67 13 13 1 -11
g 21307 14 307 67 13 13 1 -11
g 21311 14 110 377 13 12 1 -11
g 21313 14 123 377 14 12 0 -11
g 21315 14 137 377 14 12 0 -11
g 21319 14 151 377 14 12 0 -11
g 21320 14 320 67 14 13 0 -12
g 21322 14 334 67 14 13 0 -12
g 21329 14 348 67 14 13 0 -12
g 21330 14 362 67 14 13 0 -12
g 21331 14 376 67 14 13 0 -12
g 21332 14 390 67 14 13 0 -12
g 21335 14 404 67 14 13 0 -12
g 21336 14 418 67 14 13 0 -12
g 21338 14 432 67 14 13 0 -12
g 21344 14 165 377 13 12 1 -11
g 21360 14 446 67 12 13 1 -12
g 21361 14 458 67 14 13 0 -12
g 21363 14 178 377 13 12 0 -11
g 21364 14 191 377 13 12 0 -11
g 21365 14 204 377 13 12 0 -11
g 21368 14 472 67 13 13 0 -12
g 21380 14 217 376 14 12 0 -11
g 21400 14 231 376 14 12 0 -11
g 21402 14 245 376 14 12 0 -11
g 21407 14 259 376 14 12 0 -11
g 21427 14 485 67 14 13 0 -12
g 21435 14 499 67 14 13 0 -12
g 21442 14 513 67 14 13 0 -12
g 21448 14 273 376 14 12 0 -11
g 21450 14 287 376 14 12 0 -11
g 21451 14 527 67 14 13 0 -12
g 21452 14 301 376 14 12 0 -11
g 21453 14 315 376 14 12 0 -11
g 21454 14 541 67 14 13 0 -12
g 21460 14 555 67 14 13 0 -12
g 21462 14 329 376 14 12 0 -11
g 21463 14 569 67 14 13 0 -12
g 21465 14 583 67 14 13 0 -12
g 21475 14 343 376 12 12 1 -11
g 21476 14 597 67 14 13 0 -12
g 21477 14 611 67 13 13 0 -12
g 21483 14 624 67 13 13 1 -12
g 21484 14 637 67 13 13 0 -11
g 21487 14 355 376 14 12 0 -11
g 21488 14 650 67 14 13 0 -12
g 21490 14 664 66 14 13 0 -12
g 21491 14 678 66 14 13 0 -12
g 21495 14 369 376 14 12 0 -11
g 21496 14 383 376 13 12 0 -11
g 21508 14 216 0 14 14 0 -12
g 21512 14 396 376 14 12 0 -11
g 21513 14 230 0 14 14 0 -12
g 21516 14 410 376 12 12 1 -11
g 21517 14 244 0 13 14 0 -12
g 21518 14 422 376 14 12 0 -11
g 21519 14 0 81 14 13 0 -12
g 21520 14 436 376 14 12 0 -11
g 21521 14 14 81 12 13 1 -12
g 21531 14 450 376 14 12 0 -11
g 21535 14 257 0 14 14 0 -12
g 21542 14 464 376 14 12 0 -11
g 21547 14 271 0 14 14 0 -12
g 21560 14 478 376 14 12 0 -11
g 21561 14 26 81 14 13 0 -12
g 21570 14 492 376 12 12 1 -11
g 21576 14 504 376 14 12 0 -11
g 21577 14 518 376 14 12 0 -11
g 21578 14 285 0 14 14 0 -12
g 21608 14 532 376 13 12 0 -11
g 21610 14 545 375 14 12 0 -11
g 21619 14 40 81 14 13 0 -12
g 21628 14 559 375 14 12 0 -11
g 21629 14 54 81 14 13 0 -12
g 21644 14 68 80 13 13 0 -12
g 21682 14 81 80 14 13 0 -12
g 21693 14 573 375 13 12 0 -11
g 21696 14 95 80 14 13 0 -12
g 21697 14 586 375 13 12 0 -11
g 21729 14 599 375 14 12 0 -11
g 21746 14 109 80 14 13 0 -12
g 21754 14 613 375 14 12 0 -12
g 21764 14 627 375 14 12 0 -11
g 21766 14 123 80 14 13 0 -12
g 21767 14 641 375 14 12 0 -11
g 21776 14 137 80 14 13 0 -12
g 21807 14 151 80 14 13 0 -11
g 21809 14 165 80 13 13 0 -11
g 21822 14 178 80 14 13 0 -12
g 21830 14 192 80 14 13 0 -12
g 21839 14 655 375 12 12 1 -11
g 21843 14 206 80 14 13 0 -12
g 21892 14 220 80 14 13 0 -12
g 21897 14 667 375 14 12 0 -11
g 21914 14 234 80 14 13 0 -12
g 21916 14 248 80 14 13 0 -12
g 21917 14 262 80 13 13 0 -11
g 21929 14 275 80 14 13 0 -11
g 21930 14 289 80 14 13 0 -12
g 21931 14 681 375 14 12 0 -11
g 21942 14 299 0 14 14 0 -12
g 21957 14 303 80 14 13 0 -12
g 21987 14 0 389 14 12 0 -11
g 22022 14 317 80 14 13 0 -12
g 22065 14 14 389 14 12 0 -11
g 22066 14 28 389 13 12 0 -11
g 22120 14 41 389 14 12 0 -11
g 22132 14 331 80 14 13 0 -12
g 22151 14 345 80 14 13 0 -12
g 22234 14 55 389 12 12 1 -11
g 22235 14 249 569 12 11 1 -10
g 22238 14 67 389 12 12 1 -11
g 22240 14 359 80 12 13 1 -11
g 22243 14 371 80 13 13 0 -11
g 22256 14 384 80 12 13 1 -11
g 22258 14 79 389 12 12 1 -11
g 22259 14 396 80 12 13 1 -11
g 22266 14 408 80 12 13 1 -11
g 22269 14 420 80 12 13 1 -11
g 22287 14 432 80 12 13 1 -11
g 22290 14 444 80 12 13 1 -11
g 22303 14 456 80 14 13 0 -12
g 22311 14 91 389 14 12 0 -11
g 22312 14 470 80 14 13 0 -12
g 22320 14 105 389 14 12 0 -11
g 22338 14 119 389 14 12 0 -11
g 22343 14 484 80 13 13 0 -12
g 22346 14 497 80 14 13 0 -12
g 22353 14 511 80 14 13 0 -12
g 22378 14 133 389 14 12 0 -11
g 22402 14 525 80 14 13 0 -12
g 22411 14 147 389 14 12 0 -11
g 22435 14 161 389 14 12 0 -11
g 22475 14 175 389 14 12 0 -11
g 22478 14 539 80 14 13 0 -12
g 22495 14 189 389 14 12 0 -11
g 22519 14 553 80 14 13 0 -12
g 22521 14 567 80 14 13 0 -12
g 22522 14 581 80 14 13 0 -12
g 22524 14 203 389 14 12 0 -11
g 22528 14 217 388 14 12 0 -11
g 22530 14 595 80 14 13 0 -12
g 22533 14 231 388 14 12 0 -11
g 22534 14 245 388 14 12 0 -11
g 22549 14 259 388 14 12 0 -11
g 22564 14 273 388 14 12 0 -11
g 22570 14 313 0 14 14 0 -12
g 22577 14 287 388 14 12 0 -11
g 22580 14 301 388 14 12 0 -11
g 22592 14 315 388 14 12 0 -11
g 22593 14 329 388 14 12 0 -11
g 22602 14 343 388 14 12 0 -11
g 22609 14 609 80 14 13 0 -12
g 22612 14 623 80 14 13 0 -12
g 22615 14 357 388 14 12 0 -11
g 22618 14 371 388 14 12 0 -11
g 22622 14 637 80 14 13 0 -12
g 22625 14 651 80 14 13 0 -12
g 22633 14 665 79 14 13 0 -12
g 22654 14 679 79 14 13 0 -12
g 22659 14 0 94 14 13 0 -12
g 22675 14 385 388 14 12 0 -11
g 22679 14 14 94 14 13 0 -12
g 22684 14 399 388 14 12 0 -11
g 22696 14 413 388 14 12 0 -11
g 22707 14 28 94 14 13 0 -12
g 22718 14 427 388 14 12 0 -11
g 22721 14 42 94 14 13 0 -12
g 22727 14 56 94 14 13 0 -12
g 22730 14 70 93 14 13 0 -12
g 22732 14 84 93 14 13 0 -12
g 22763 14 441 388 14 12 0 -11
g 22766 14 98 93 14 13 0 -12
g 22768 14 112 93 14 13 0 -12
g 22769 14 455 388 14 12 0 -11
g 22770 14 126 93 14 13 0 -12
g 22793 14 469 388 14 12 0 -11
g 22799 14 483 388 14 12 0 -11
g 22805 14 140 93 13 13 0 -12
g 22806 14 153 93 14 13 0 -12
g 22810 14 167 93 14 13 0 -12
g 22812 14 181 93 14 13 0 -12
g 22818 14 195 93 14 13 0 -12
g 22823 14 209 93 14 13 0 -12
g 22825 14 497 388 14 12 0 -11
g 22826 14 223 93 14 13 0 -12
g 22827 14 237 93 14 13 0 -12
g 22830 14 251 93 14 13 0 -12
g 22833 14 265 93 14 13 0 -12
g 22855 14 279 93 14 13 0 -12
g 22856 14 293 93 14 13 0 -12
g 22857 14 511 388 14 12 0 -11
g 22863 14 307 93 14 13 0 -12
g 22865 14 321 93 14 13 0 -12
g 22868 14 335 93 14 13 0 -12
g 22885 14 349 93 14 13 0 -12
g 22888 14 525 388 14 12 0 -11
g 22890 14 363 93 14 13 0 -12
g 22894 14 539 388 14 12 0 -11
g 22899 14 377 93 14 13 0 -12
g 22900 14 391 93 14 13 0 -12
g 22909 14 405 93 14 13 0 -12
g 22914 14 419 93 13 13 0 -12
g 22915 14 432 93 14 13 0 -12
g 22916 14 446 93 14 13 0 -12
g 22922 14 553 387 14 12 0 -11
g 22934 14 567 387 14 12 0 -11
g 22937 14 581 387 14 12 0 -11
g 22949 14 460 93 14 13 0 -12
g 22952 14 595 387 14 12 0 -11
g 22956 14 474 93 14 13 0 -12
g 22969 14 488 93 14 13 0 -12
g 22971 14 502 93 14 13 0 -12
g 22985 14 516 93 14 13 0 -12
g 22987 14 530 93 14 13 0 -12
g 22995 14 544 93 14 13 0 -12
g 22996 14 558 93 14 13 0 -12
g 23019 14 572 93 14 13 0 -12
g 23035 14 586 93 14 13 0 -12
g 23039 14 600 93 14 13 0 -12
g 23041 14 614 93 14 13 0 -12
g 23064 14 628 93 14 13 0 -12
g 23072 14 642 93 14 13 0 -12
g 23087 14 656 93 14 13 0 -12
g 23110 14 670 92 14 13 0 -12
g 23130 14 684 92 14 13 0 -12
g 23142 14 609 387 14 12 0 -11
g 23167 14 623 387 14 12 0 -11
g 23186 14 327 0 14 14 0 -12
g 23195 14 0 107 14 13 0 -12
g 23233 14 637 387 14 12 0 -11
g 23241 14 14 107 14 13 0 -12
g 23244 14 28 107 14 13 0 -12
g 23265 14 42 107 14 13 0 -12
g 23330 14 56 107 14 13 0 -12
g 23376 14 651 387 14 12 0 -11
g 23380 14 665 387 14 12 0 -11
g 23383 14 70 106 14 13 0 -12
g 23384 14 84 106 14 13 0 -12
g 23389 14 98 106 14 13 0 -12
g 23395 14 112 106 14 13 0 -12
g 23396 14 679 387 14 12 0 -11
g 23398 14 126 106 14 13 0 -12
g 23403 14 140 106 14 13 0 -12
g 23429 14 341 0 14 14 0 -13
g 23431 14 154 106 14 13 0 -12
g 23432 14 168 106 14 13 0 -12
g 23433 14 182 106 14 13 0 -12
g 23436 14 196 106 14 13 0 -12
g 23447 14 210 106 14 13 0 -12
g 23448 14 224 106 14 13 0 -12
g 23449 14 355 0 14 14 0 -13
g 23450 14 238 106 14 13 0 -12
g 23451 14 0 401 14 12 0 -11
g 23452 14 252 106 14 13 0 -12
g 23453 14 266 106 14 13 0 -12
g 23455 14 280 106 14 13 0 -12
g 23458 14 294 106 14 13 0 -12
g 23459 14 308 106 14 13 0 -12
g 23460 14 322 106 14 13 0 -12
g 23470 14 336 106 14 13 0 -12
g 23472 14 350 106 14 13 0 -12
g 23475 14 364 106 14 13 0 -12
g 23476 14 378 106 14 13 0 -12
g 23477 14 392 106 14 13 0 -12
g 23478 14 406 106 14 13 0 -12
g 23481 14 420 106 14 13 0 -12
g 23487 14 434 106 14 13 0 -12
g 23490 14 448 106 14 13 0 -12
g 23492 14 462 106 14 13 0 -12
g 23494 14 476 106 14 13 0 -12
g 23500 14 490 106 14 13 0 -12
g 23506 14 504 106 14 13 0 -12
g 23515 14 518 106 14 13 0 -12
g 23517 14 532 106 14 13 0 -12
g 23519 14 546 106 14 13 0 -12
g 23521 14 560 106 14 13 0 -12
g 23527 14 574 106 14 13 0 -12
g 23529 14 588 106 14 13 0 -12
g 23534 14 602 106 14 13 0 -12
g 23544 14 14 401 14 12 0 -11
g 23546 14 616 106 14 13 0 -12
g 23550 14 630 106 14 13 0 -12
g 23551 14 644 106 14 13 0 -12
g 23553 14 658 106 14 13 0 -12
g 23554 14 672 105 14 13 0 -12
g 23556 14 686 105 14 13 0 -12
g 23558 14 28 401 14 12 0 -11
g 23561 14 0 120 14 13 0 -12
g 23562 14 42 401 14 12 0 -11
g 23563 14 56 401 14 12 0 -11
g 23566 14 14 120 14 13 0 -12
g 23567 14 70 401 14 12 0 -11
g 23569 14 84 401 14 12 0 -11
g 23578 14 98 401 12 12 1 -11
g 23601 14 28 120 14 13 0 -12
g 23610 14 110 401 14 12 0 -11
g 23611 14 124 401 14 12 0 -11
g 23612 14 138 401 13 12 0 -11
g 23613 14 151 401 14 12 0 -11
g 23614 14 165 401 14 12 0 -11
g 23615 14 179 401 14 12 0 -11
g 23616 14 42 120 13 13 0 -11
g 23621 14 193 401 14 12 0 -11
g 23624 14 207 401 13 12 0 -11
g 23626 14 220 400 13 12 0 -11
g 23627 14 233 400 14 12 0 -11
g 23637 14 247 400 14 12 0 -11
g 23646 14 261 400 13 12 0 -11
g 23652 14 55 120 14 13 0 -11
g 23653 14 274 400 14 12 0 -11
g 23663 14 69 120 14 13 0 -12
g 23665 14 83 119 12 13 1 -11
g 23696 14 95 119 14 13 0 -12
g 23713 14 288 400 12 12 1 -11
g 23721 14 109 119 14 13 0 -12
g 23724 14 300 400 14 12 0 -11
g 23731 14 123 119 14 13 0 -12
g 23736 14 137 119 14 13 0 -12
g 23776 14 151 119 14 13 0 -12
g 23777 14 165 119 14 13 0 -12
g 23792 14 179 119 14 13 0 -12
g 23798 14 369 0 14 14 0 -12
g 23815 14 314 400 14 12 0 -11
g 23822 14 193 119 14 13 0 -12
g 23830 14 328 400 14 12 0 -11
g 23849 14 342 400 13 12 0 -11
g 23888 14 355 400 14 12 0 -11
g 24029 14 369 400 13 12 0 -11
g 24030 14 382 400 13 12 0 -11
g 24033 14 395 400 14 12 0 -11
g 24035 14 207 119 14 13 0 -12
g 24037 14 409 400 14 12 0 -11
g 24038 14 221 119 14 13 0 -12
g 24039 14 423 400 14 12 0 -11
g 24040 14 235 119 12 13 1 -11
g 24046 14 247 119 14 13 0 -12
g 24049 14 437 400 12 12 1 -11
g 24059 14 261 119 14 13 0 -12
g 24062 14 449 400 12 12 1 -11
g 24066 14 275 119 14 13 0 -12
g 24067 14 289 119 14 13 0 -12
g 24070 14 461 400 14 12 0 -11
g 24076 14 303 119 14 13 0 -12
g 24093 14 317 119 14 13 0 -12
g 24101 14 331 119 12 13 1 -12
g 24107 14 343 119 14 13 0 -12
g 24109 14 383 0 14 14 0 -12
g 24111 14 357 119 14 13 0 -11
g 24112 14 475 400 13 12 1 -11
g 24115 14 488 400 14 12 0 -11
g 24120 14 371 119 14 13 0 -12
g 24125 14 385 119 14 13 0 -12
g 24133 14 502 400 14 12 0 -11
g 24149 14 399 119 14 13 0 -12
g 24163 14 516 400 13 12 1 -11
g 24178 14 529 400 14 12 0 -11
g 24179 14 543 400 14 12 0 -11
g 24180 14 413 119 14 13 0 -12
g 24184 14 427 119 14 13 0 -12
g 24185 14 557 399 14 12 0 -11
g 24187 14 441 119 13 13 0 -12
g 24188 14 454 119 13 13 0 -12
g 24189 14 571 399 14 12 0 -11
g 24190 14 585 399 14 12 0 -11
g 24193 14 467 119 14 13 0 -12
g 24195 14 481 119 14 13 0 -12
g 24202 14 495 119 14 13 0 -12
g 24207 14 509 119 14 13 0 -12
g 24213 14 523 119 14 13 0 -12
g 24215 14 537 119 14 13 0 -12
g 24220 14 551 119 14 13 0 -12
g 24230 14 565 119 14 13 0 -12
g 24231 14 579 119 14 13 0 -12
g 24235 14 593 119 14 13 0 -12
g 24237 14 607 119 14 13 0 -12
g 24246 14 599 399 14 12 0 -11
g 24247 14 621 119 14 13 0 -12
g 24248 14 635 119 14 13 0 -12
g 24259 14 649 119 14 13 0 -12
g 24265 14 663 119 14 13 0 -12
g 24266 14 677 118 14 13 0 -12
g 24310 14 613 399 14 12 0 -11
g 24311 14 627 399 14 12 0 -11
g 24314 14 0 133 14 13 0 -12
g 24321 14 14 133 14 13 0 -12
g 24324 14 641 399 14 12 0 -11
g 24330 14 655 399 14 12 0 -11
g 24335 14 28 133 14 13 0 -12
g 24336 14 42 133 14 13 0 -12
g 24339 14 56 133 12 13 1 -11
g 24340 14 669 399 14 12 0 -11
g 24341 14 68 133 11 13 1 -12
g 24351 14 79 133 14 13 0 -12
g 24357 14 93 132 14 13 0 -12
g 24358 14 683 399 14 12 0 -11
g 24359 14 0 413 14 12 0 -11
g 24369 14 14 413 13 12 0 -11
g 24373 14 27 413 14 12 0 -11
g 24375 14 397 0 14 14 0 -12
g 24382 14 41 413 14 12 0 -11
g 24403 14 107 132 12 13 1 -12
g 24409 14 119 132 14 13 0 -12
g 24418 14 133 132 14 13 0 -12
g 24425 14 147 132 14 13 0 -12
g 24427 14 55 413 14 12 0 -11
g 24432 14 161 132 14 13 0 -12
g 24433 14 69 413 14 12 0 -11
g 24441 14 83 413 14 12 0 -11
g 24444 14 175 132 14 13 0 -12
g 24448 14 189 132 14 13 0 -12
g 24449 14 203 132 14 13 0 -12
g 24452 14 217 132 14 13 0 -12
g 24453 14 231 132 14 13 0 -12
g 24459 14 245 132 14 13 0 -12
g 24460 14 259 132 14 13 0 -12
g 24464 14 97 413 14 12 0 -11
g 24466 14 411 0 14 14 0 -12
g 24467 14 111 413 14 12 0 -11
g 24471 14 125 413 14 12 0 -11
g 24481 14 273 132 14 13 0 -12
g 24489 14 287 132 14 13 0 -12
g 24490 14 301 132 14 13 0 -12
g 24494 14 315 132 14 13 0 -12
g 24499 14 329 132 14 13 0 -12
g 24500 14 139 413 14 12 0 -11
g 24505 14 153 413 14 12 0 -11
g 24515 14 167 413 14 12 0 -11
g 24517 14 181 413 14 12 0 -11
g 24524 14 195 413 14 12 0 -11
g 24525 14 209 413 14 12 0 -11
g 24535 14 343 132 14 13 0 -12
g 24536 14 357 132 14 13 0 -12
g 24537 14 223 412 14 12 0 -11
g 24540 14 371 132 14 13 0 -12
g 24544 14 385 132 14 13 0 -12
g 24555 14 399 132 14 13 0 -12
g 24565 14 237 412 14 12 0 -11
g 24594 14 413 132 14 13 0 -12
g 24598 14 427 132 14 13 0 -12
g 24605 14 251 412 14 12 0 -11
g 24608 14 441 132 14 13 0 -12
g 24613 14 455 132 14 13 0 -12
g 24615 14 469 132 14 13 0 -12
g 24616 14 483 132 14 13 0 -12
g 24618 14 497 132 14 13 0 -12
g 24651 14 511 132 14 13 0 -12
g 24656 14 265 412 14 12 0 -11
g 24658 14 525 132 14 13 0 -12
g 24675 14 279 412 14 12 0 -12
g 24677 14 293 412 14 12 0 -11
g 24680 14 307 412 14 12 0 -11
g 24681 14 321 412 14 12 0 -11
g 24685 14 335 412 14 12 0 -11
g 24687 14 539 132 14 13 0 -12
g 24693 14 553 132 14 13 0 -12
g 24724 14 425 0 14 14 0 -12
g 24735 14 349 412 14 12 0 -11
g 24736 14 363 412 14 12 0 -11
g 24739 14 567 132 14 13 0 -12
g 24742 14 377 412 14 12 0 -11
g 24745 14 391 412 14 12 0 -11
g 24746 14 405 412 14 12 0 -11
g 24754 14 581 132 14 13 0 -12
g 24764 14 595 132 14 13 0 -12
g 24773 14 609 132 14 13 0 -12
g 24785 14 623 132 14 13 0 -12
g 24796 14 637 132 14 13 0 -12
g 24807 14 419 412 14 12 0 -11
g 24808 14 433 412 14 12 0 -11
g 24816 14 651 132 14 13 0 -12
g 24819 14 665 132 14 13 0 -12
g 24833 14 679 131 14 13 0 -12
g 24841 14 0 146 14 13 0 -12
g 24847 14 14 146 14 13 0 -12
g 24858 14 447 412 14 12 0 -11
g 24859 14 28 146 14 13 0 -12
g 24863 14 42 146 14 13 0 -12
g 24900 14 439 0 14 14 0 -12
g 24904 14 56 146 14 13 0 -12
g 24907 14 70 146 14 13 0 -12
g 24908 14 84 146 14 13 0 -12
g 24910 14 98 145 14 13 0 -12
g 24917 14 461 412 14 12 0 -11
g 24930 14 475 412 14 12 0 -11
g 24931 14 489 412 14 12 0 -11
g 24936 14 503 412 14 12 0 -11
g 24942 14 112 145 14 13 0 -12
g 24944 14 517 412 14 12 0 -11
g 24950 14 126 145 14 13 0 -12
g 24962 14 531 412 14 12 0 -11
g 24974 14 140 145 13 13 0 -12
g 24996 14 153 145 14 13 0 -12
g 24999 14 167 145 14 13 0 -12
g 25001 14 181 145 14 13 0 -12
g 25004 14 545 412 14 12 0 -11
g 25010 14 195 145 14 13 0 -12
g 25014 14 209 145 14 13 0 -12
g 25022 14 223 145 14 13 0 -12
g 25031 14 559 411 14 12 0 -11
g 25040 14 237 145 14 13 0 -12
g 25074 14 251 145 14 13 0 -12
g 25080 14 573 411 14 12 0 -11
g 25104 14 265 145 14 13 0 -12
g 25105 14 587 411 14 12 0 -11
g 25106 14 601 411 14 12 0 -11
g 25114 14 279 145 14 13 0 -12
g 25126 14 615 411 14 12 0 -11
g 25135 14 293 145 14 13 0 -12
g 25140 14 307 145 14 13 0 -12
g 25144 14 629 411 14 12 0 -11
g 25147 14 643 411 14 12 0 -11
g 25151 14 657 411 14 12 0 -11
g 25152 14 321 145 14 13 0 -12
g 25159 14 671 411 14 12 0 -11
g 25161 14 685 411 14 12 0 -11
g 25163 14 0 425 14 12 0 -11
g 25165 14 335 145 14 13 0 -12
g 25171 14 349 145 14 13 0 -12
g 25173 14 14 425 14 12 0 -11
g 25201 14 363 145 14 13 0 -12
g 25206 14 377 145 14 13 0 -12
g 25209 14 28 425 14 12 0 -11
g 25215 14 42 425 14 12 0 -11
g 25216 14 391 145 14 13 0 -12
g 25220 14 56 425 14 12 0 -11
g 25226 14 405 145 14 13 0 -12
g 25233 14 70 425 14 12 0 -11
g 25237 14 84 425 14 12 0 -11
g 25239 14 419 145 14 13 0 -12
g 25240 14 98 425 14 12 0 -11
g 25244 14 433 145 14 13 0 -12
g 25246 14 447 145 14 13 0 -12
g 25259 14 461 145 14 13 0 -12
g 25265 14 475 145 14 13 0 -12
g 25269 14 112 425 14 12 0 -11
g 25273 14 126 425 14 12 0 -11
g 25276 14 140 425 13 12 0 -11
g 25277 14 153 425 13 12 0 -11
g 25285 14 489 145 14 13 0 -12
g 25289 14 166 425 14 12 0 -11
g 25293 14 503 145 14 13 0 -12
g 25296 14 517 145 14 13 0 -12
g 25298 14 531 145 14 13 0 -12
g 25299 14 545 145 14 13 0 -12
g 25304 14 559 145 13 13 0 -12
g 25305 14 180 425 14 12 0 -11
g 25307 14 194 425 14 12 0 -11
g 25309 14 572 145 14 13 0 -12
g 25312 14 586 145 14 13 0 -11
g 25313 14 600 145 14 13 0 -12
g 25324 14 614 145 14 13 0 -12
g 25325 14 208 425 14 12 0 -11
g 25331 14 628 145 14 13 0 -12
g 25334 14 642 145 14 13 0 -12
g 25335 14 656 145 14 13 0 -12
g 25342 14 222 425 14 12 0 -11
g 25345 14 670 145 14 13 0 -12
g 25351 14 236 424 14 12 0 -11
g 25361 14 684 144 14 13 0 -12
g 25369 14 0 159 14 13 0 -12
g 25375 14 14 159 14 13 0 -12
g 25384 14 250 424 14 12 0 -11
g 25387 14 28 159 14 13 0 -12
g 25391 14 42 159 14 13 0 -12
g 25407 14 56 159 14 13 0 -12
g 25417 14 70 159 14 13 0 -12
g 25429 14 84 159 14 13 0 -12
g 25431 14 264 424 14 12 0 -11
g 25436 14 98 158 14 13 0 -12
g 25448 14 112 158 14 13 0 -12
g 25454 14 278 424 14 12 0 -11
g 25467 14 292 424 14 12 0 -11
g 25475 14 126 158 14 13 0 -12
g 25480 14 140 158 14 13 0 -12
g 25484 14 306 424 14 12 0 -11
g 25490 14 154 158 14 13 0 -12
g 25496 14 320 424 14 12 0 -11
g 25499 14 168 158 14 13 0 -12
g 25505 14 334 424 14 12 0 -11
g 25506 14 348 424 14 12 0 -11
g 25509 14 182 158 14 13 0 -12
g 25511 14 196 158 14 13 0 -12
g 25512 14 210 158 14 13 0 -11
g 25514 14 224 158 14 13 0 -12
g 25522 14 238 158 13 13 0 -11
g 25551 14 251 158 14 13 0 -12
g 25552 14 265 158 14 13 0 -11
g 25562 14 279 158 14 13 0 -11
g 25563 14 293 158 14 13 0 -12
g 25569 14 307 158 14 13 0 -12
g 25582 14 362 424 14 12 0 -11
g 25588 14 321 158 14 13 0 -12
g 25594 14 376 424 14 12 0 -11
g 25613 14 390 424 14 12 0 -11
g 25644 14 404 424 14 12 0 -11
g 25645 14 453 0 14 14 0 -13
g 25658 14 335 158 14 13 0 -11
g 25662 14 467 0 14 14 0 -13
g 25666 14 418 424 14 12 0 -11
g 25688 14 349 158 14 13 0 -12
g 25705 14 363 158 14 13 0 -12
g 25711 14 377 158 14 13 0 -12
g 25731 14 481 0 14 14 0 -12
g 25764 14 432 424 14 12 0 -11
g 25774 14 446 424 14 12 0 -11
g 25778 14 391 158 14 13 0 -12
g 25793 14 460 424 14 12 0 -11
g 25805 14 474 424 14 12 0 -11
g 25830 14 405 158 14 13 0 -12
g 25836 14 488 424 14 12 0 -11
g 25903 14 419 158 14 13 0 -12
g 25913 14 433 158 14 13 0 -12
g 25915 14 447 158 14 13 0 -12
g 25918 14 461 158 14 13 0 -12
g 25919 14 475 158 14 13 0 -12
g 25925 14 489 158 14 13 0 -12
g 25935 14 503 158 14 13 0 -12
g 25937 14 517 158 14 13 0 -12
g 25943 14 531 158 14 13 0 -12
g 25945 14 545 158 14 13 0 -12
g 25954 14 502 424 14 12 0 -11
g 25955 14 516 424 14 12 0 -11
g 25964 14 530 424 14 12 0 -11
g 25968 14 559 158 14 13 0 -12
g 25972 14 573 158 14 13 0 -12
g 25973 14 587 158 14 13 0 -12
g 25975 14 601 158 14 13 0 -12
g 25991 14 544 424 14 12 0 -11
g 25993 14 615 158 14 13 0 -12
g 25998 14 629 158 14 13 0 -12
g 26001 14 643 158 14 13 0 -12
g 26007 14 495 0 14 14 0 -12
g 26009 14 558 424 14 12 0 -11
g 26012 14 572 423 14 12 0 -11
g 26020 14 586 423 14 12 0 -11
g 26021 14 600 423 14 12 0 -11
g 26028 14 509 0 14 14 0 -12
g 26029 14 614 423 13 12 1 -11
g 26032 14 657 158 14 13 0 -12
g 26041 14 671 158 14 13 0 -12
g 26045 14 685 157 14 13 0 -12
g 26053 14 0 172 14 13 0 -12
g 26059 14 14 172 14 13 0 -12
g 26063 14 627 423 14 12 0 -11
g 26071 14 28 172 14 13 0 -12
g 26082 14 641 423 14 12 0 -11
g 26085 14 42 172 11 13 1 -11
g 26086 14 655 423 14 12 0 -11
g 26087 14 669 423 12 12 1 -11
g 26088 14 53 172 12 13 1 -12
g 26089 14 65 172 14 13 0 -11
g 26092 14 79 172 13 13 0 -12
g 26106 14 681 423 14 12 0 -11
g 26118 14 0 437 14 12 0 -11
g 26119 14 14 437 14 12 0 -11
g 26126 14 92 172 12 13 1 -11
g 26131 14 28 437 13 12 0 -11
g 26132 14 41 437 14 12 0 -11
g 26143 14 55 437 14 12 0 -11
g 26144 14 104 171 14 13 0 -12
g 26149 14 118 171 14 13 0 -12
g 26151 14 69 437 14 12 0 -11
g 26152 14 132 171 14 13 0 -12
g 26157 14 146 171 13 13 0 -11
g 26159 14 83 437 14 12 0 -11
g 26172 14 97 437 14 12 0 -11
g 26178 14 159 171 13 13 1 -12
g 26217 14 172 171 14 13 0 -12
g 26222 14 186 171 14 13 0 -12
g 26223 14 111 437 14 12 0 -11
g 26228 14 200 171 14 13 0 -12
g 26230 14 214 171 14 13 0 -11
g 26241 14 228 171 14 13 0 -12
g 26247 14 125 437 14 12 0 -11
g 26257 14 139 437 14 12 0 -11
g 26262 14 242 171 14 13 0 -12
g 26263 14 256 171 14 13 0 -12
g 26278 14 153 437 14 12 0 -11
g 26283 14 270 171 14 13 0 -12
g 26286 14 284 171 14 13 0 -12
g 26292 14 167 437 14 12 0 -11
g 26311 14 181 437 14 12 0 -11
g 26326 14 298 171 14 13 0 -12
g 26332 14 195 437 14 12 0 -11
g 26354 14 209 437 12 12 1 -11
g 26356 14 221 437 14 12 0 -11
g 26360 14 312 171 14 13 0 -12
g 26361 14 523 0 14 14 0 -12
g 26365 14 326 171 12 13 1 -12
g 26367 14 338 171 14 13 0 -12
g 26368 14 235 437 14 12 0 -11
g 26376 14 249 436 12 12 0 -11
g 26377 14 352 171 14 13 0 -12
g 26381 14 261 436 14 12 0 -11
g 26389 14 275 436 14 12 0 -11
g 26391 14 289 436 13 12 0 -11
g 26395 14 366 171 14 13 0 -12
g 26397 14 302 436 13 12 0 -11
g 26399 14 315 436 13 12 0 -11
g 26408 14 380 171 14 13 0 -12
g 26410 14 394 171 14 13 0 -12
g 26411 14 408 171 14 13 0 -12
g 26412 14 422 171 14 13 0 -12
g 26413 14 436 171 14 13 0 -12
g 26417 14 450 171 14 13 0 -12
g 26420 14 328 436 14 12 0 -11
g 26426 14 464 171 14 13 0 -12
g 26429 14 537 0 14 14 0 -12
g 26441 14 342 436 14 12 0 -11
g 26448 14 478 171 14 13 0 -12
g 26449 14 492 171 14 13 0 -12
g 26463 14 356 436 14 12 0 -11
g 26465 14 551 0 14 14 0 -12
g 26469 14 565 0 14 14 0 -12
g 26479 14 506 171 14 13 0 -12
g 26481 14 520 171 14 13 0 -12
g 26494 14 370 436 14 12 0 -11
g 26495 14 534 171 14 13 0 -12
g 26512 14 384 436 14 12 0 -11
g 26517 14 398 436 14 12 0 -11
g 26519 14 548 171 14 13 0 -12
g 26522 14 562 171 14 13 0 -12
g 26524 14 412 436 14 12 0 -11
g 26525 14 576 171 14 13 0 -12
g 26528 14 590 171 14 13 0 -12
g 26530 14 604 171 14 13 0 -12
g 26543 14 426 436 14 12 0 -11
g 26550 14 618 171 14 13 0 -12
g 26564 14 440 436 14 12 0 -11
g 26576 14 454 436 14 12 0 -11
g 26579 14 632 171 14 13 0 -12
g 26580 14 468 436 14 12 0 -11
g 26609 14 646 171 14 13 0 -12
g 26611 14 482 436 14 12 0 -11
g 26613 14 496 436 14 12 0 -11
g 26619 14 660 171 14 13 0 -12
g 26623 14 674 171 14 13 0 -12
g 26627 14 579 0 14 14 0 -12
g 26628 14 0 185 14 13 0 -12
g 26643 14 510 436 14 12 0 -11
g 26657 14 14 185 14 13 0 -12
g 26666 14 524 436 14 12 0 -11
g 26680 14 28 185 14 13 0 -12
g 26681 14 538 436 14 12 0 -11
g 26684 14 42 185 14 13 0 -12
g 26685 14 552 436 14 12 0 -11
g 26689 14 56 185 14 13 0 -12
g 26691 14 566 436 14 12 0 -11
g 26696 14 70 185 14 13 0 -12
g 26705 14 84 185 14 13 0 -12
g 26716 14 580 435 14 12 0 -11
g 26719 14 98 185 14 13 0 -12
g 26757 14 112 184 14 13 0 -12
g 26775 14 126 184 14 13 0 -12
g 26792 14 594 435 14 12 0 -11
g 26800 14 140 184 14 13 0 -12
g 26820 14 154 184 14 13 0 -12
g 26827 14 608 435 14 12 0 -11
g 26834 14 168 184 14 13 0 -12
g 26842 14 622 435 14 12 0 -11
g 26847 14 182 184 14 13 0 -12
g 26862 14 196 184 14 13 0 -12
g 26874 14 636 435 14 12 0 -11
g 26885 14 650 435 14 12 0 -11
g 26893 14 210 184 14 13 0 -12
g 26894 14 593 0 14 14 0 -12
g 26908 14 664 435 14 12 0 -11
g 26989 14 224 184 14 13 0 -12
g 26997 14 678 435 14 12 0 -11
g 26999 14 238 184 14 13 0 -12
g 27004 14 0 449 14 12 0 -11
g 27005 14 14 449 14 12 0 -11
g 27010 14 28 449 14 12 0 -11
g 27083 14 252 184 14 13 0 -12
g 27096 14 42 449 14 12 0 -11
g 27133 14 266 184 14 13 0 -12
g 27161 14 56 449 14 12 0 -11
g 27169 14 280 184 14 13 0 -12
g 27177 14 294 184 14 13 0 -11
g 27178 14 70 449 14 12 0 -11
g 27193 14 84 449 14 12 0 -11
g 27211 14 308 184 14 13 0 -12
g 27231 14 98 449 14 12 0 -11
g 27396 14 112 449 14 12 0 -11
g 27424 14 322 184 14 13 0 -12
g 27425 14 336 184 14 13 0 -12
g 27431 14 607 0 14 14 0 -12
g 27442 14 126 449 14 12 0 -11
g 27450 14 621 0 14 14 0 -12
g 27454 14 350 184 14 13 0 -12
g 27468 14 364 184 14 13 0 -12
g 27475 14 635 0 14 14 0 -12
g 27490 14 140 449 14 12 0 -11
g 27491 14 154 449 14 12 0 -11
g 27494 14 378 184 14 13 0 -12
g 27497 14 392 184 14 13 0 -12
g 27503 14 406 184 14 13 0 -12
g 27507 14 420 184 14 13 0 -12
g 27508 14 168 449 14 12 0 -11
g 27515 14 182 449 14 12 0 -11
g 27529 14 434 184 13 13 0 -12
g 27530 14 447 184 14 13 0 -12
g 27531 14 461 184 14 13 0 -12
g 27542 14 196 449 14 12 0 -11
g 27572 14 210 449 14 12 0 -11
g 27573 14 224 449 14 12 0 -11
g 27578 14 238 449 14 12 0 -11
g 27579 14 252 448 14 12 0 -11
g 27583 14 266 448 14 12 0 -11
g 27584 14 475 184 14 13 0 -12
g 27597 14 280 448 14 12 0 -11
g 27598 14 649 0 14 14 0 -12
g 27602 14 663 0 14 14 0 -12
g 27604 14 294 448 14 12 0 -11
g 27611 14 489 184 14 13 0 -12
g 27663 14 308 448 14 12 0 -11
g 27665 14 322 448 14 12 0 -11
g 27671 14 503 184 14 13 0 -12
g 27700 14 517 184 14 13 0 -12
g 27703 14 531 184 14 13 0 -12
g 27704 14 545 184 14 13 0 -12
g 27710 14 336 448 14 12 0 -11
g 27713 14 350 448 14 12 0 -11
g 27714 14 559 184 14 13 0 -12
g 27726 14 364 448 14 12 0 -11
g 27735 14 573 184 14 13 0 -12
g 27738 14 378 448 14 12 0 -11
g 27743 14 392 448 14 12 0 -11
g 27744 14 406 448 14 12 0 -11
g 27760 14 420 448 14 12 0 -11
g 27770 14 587 184 14 13 0 -12
g 27773 14 434 448 14 12 0 -11
g 27779 14 448 448 14 12 0 -11
g 27784 14 601 184 14 13 0 -12
g 27798 14 677 0 14 14 0 -12
g 27801 14 615 184 14 13 0 -12
g 27809 14 462 448 14 12 0 -11
g 27810 14 476 448 14 12 0 -11
g 27827 14 490 448 14 12 0 -11
g 27832 14 629 184 14 13 0 -12
g 27833 14 643 184 13 13 0 -12
g 27835 14 656 184 14 13 0 -12
g 27836 14 504 448 13 12 0 -11
g 27839 14 670 184 14 13 0 -11
g 27841 14 517 448 14 12 0 -11
g 27849 14 684 184 14 13 0 -12
g 27850 14 0 198 13 13 0 -12
g 27852 14 531 448 14 12 0 -11
g 27861 14 545 448 14 12 0 -11
g 27873 14 13 198 14 13 0 -12
g 27874 14 27 198 14 13 0 -12
g 27875 14 41 198 14 13 0 -12
g 27877 14 559 448 14 12 0 -11
g 27880 14 55 198 14 13 0 -12
g 27888 14 69 198 14 13 0 -12
g 27891 14 83 198 14 13 0 -12
g 27915 14 573 448 14 12 0 -11
g 27927 14 587 447 14 12 0 -11
g 27934 14 601 447 13 12 0 -11
g 27941 14 97 198 14 13 0 -12
g 27946 14 111 198 14 13 0 -12
g 27963 14 125 197 14 13 0 -12
g 27966 14 614 447 14 12 0 -11
g 27969 14 139 197 14 13 0 -12
g 27972 14 153 197 14 13 0 -12
g 27973 14 167 197 14 13 0 -12
g 27996 14 628 447 14 12 0 -11
g 28006 14 181 197 14 13 0 -12
g 28010 14 642 447 14 12 0 -11
g 28014 14 195 197 14 13 0 -12
g 28020 14 656 447 14 12 0 -11
g 28023 14 209 197 14 13 0 -12
g 28024 14 670 447 14 12 0 -11
g 28040 14 684 447 13 12 0 -11
g 28057 14 0 461 14 12 0 -11
g 28079 14 223 197 14 13 0 -12
g 28082 14 14 461 14 12 0 -11
g 28092 14 28 461 14 12 0 -11
g 28113 14 237 197 14 13 0 -12
g 28129 14 251 197 14 13 0 -12
g 28139 14 42 461 14 12 0 -12
g 28145 14 56 461 14 12 0 -11
g 28151 14 70 461 14 12 0 -11
g 28155 14 84 461 14 12 0 -11
g 28165 14 265 197 14 13 0 -12
g 28167 14 279 197 13 13 0 -11
g 28168 14 292 197 14 13 0 -12
g 28169 14 306 197 14 13 0 -12
g 28171 14 98 461 14 12 0 -11
g 28179 14 112 461 14 12 0 -11
g 28187 14 320 197 14 13 0 -12
g 28193 14 334 197 14 13 0 -12
g 28198 14 126 461 14 12 0 -11
g 28201 14 140 461 14 12 0 -11
g 28204 14 154 461 13 12 0 -11
g 28207 14 348 197 14 13 0 -12
g 28246 14 167 461 14 12 0 -11
g 28263 14 181 461 14 12 0 -11
g 28271 14 195 461 14 12 0 -11
g 28286 14 362 197 14 13 0 -12
g 28287 14 209 461 14 12 0 -11
g 28288 14 376 197 14 13 0 -12
g 28304 14 223 461 14 12 0 -11
g 28310 14 390 197 14 13 0 -12
g 28317 14 404 197 14 13 0 -12
g 28342 14 418 197 14 13 0 -12
g 28346 14 237 461 14 12 0 -11
g 28357 14 432 197 14 13 0 -12
g 28363 14 251 461 14 12 0 -11
g 28369 14 265 460 14 12 0 -11
g 28381 14 446 197 14 13 0 -12
g 28382 14 279 460 14 12 0 -11
g 28404 14 460 197 14 13 0 -12
g 28417 14 474 197 14 13 0 -12
g 28418 14 293 460 14 12 0 -11
g 28422 14 488 197 14 13 0 -12
g 28431 14 502 197 14 13 0 -11
g 28436 14 516 197 14 13 0 -12
g 28448 14 530 197 14 13 0 -12
g 28450 14 544 197 14 13 0 -12
g 28459 14 307 460 14 12 0 -11
g 28460 14 558 197 14 13 0 -12
g 28472 14 321 460 14 12 0 -11
g 28500 14 572 197 14 13 0 -12
g 28508 14 586 197 14 13 0 -12
g 28511 14 335 460 13 12 0 -11
g 28516 14 348 460 13 12 0 -11
g 28526 14 361 460 14 12 0 -11
g 28528 14 600 197 14 13 0 -12
g 28548 14 375 460 14 12 0 -11
g 28608 14 614 197 14 13 0 -12
g 28609 14 389 460 13 12 0 -11
g 28611 14 628 197 14 13 0 -12
g 28651 14 402 460 14 12 0 -11
g 28655 14 416 460 14 12 0 -11
g 28716 14 430 460 14 12 0 -11
g 28779 14 642 197 14 13 0 -12
g 28783 14 656 197 14 13 0 -12
g 28784 14 444 460 14 12 0 -11
g 28797 14 458 460 14 12 0 -11
g 28809 14 670 197 14 13 0 -12
g 28810 14 472 460 14 12 0 -11
g 28814 14 684 197 14 13 0 -12
g 28845 14 486 460 14 12 0 -11
g 28857 14 0 211 14 13 0 -12
g 28858 14 0 15 14 14 0 -12
g 28872 14 500 460 14 12 0 -11
g 28961 14 14 211 14 13 0 -12
g 28966 14 28 211 14 13 0 -12
g 28982 14 42 211 14 13 0 -12
g 28988 14 514 460 14 12 0 -11
g 29006 14 528 460 14 12 0 -11
g 29017 14 56 211 14 13 0 -12
g 29031 14 542 460 14 12 0 -11
g 29033 14 556 460 14 12 0 -11
g 29038 14 70 211 14 13 0 -12
g 29066 14 570 460 14 12 0 -11
g 29087 14 84 211 14 13 0 -12
g 29105 14 98 211 14 13 0 -12
g 29123 14 112 211 14 13 0 -12
g 29157 14 584 460 14 12 0 -11
g 29190 14 598 459 14 12 0 -11
g 29226 14 612 459 14 12 0 -11
g 29237 14 626 459 14 12 0 -11
g 29238 14 640 459 14 12 0 -11
g 29245 14 654 459 14 12 0 -11
g 29255 14 668 459 14 12 0 -11
g 29256 14 126 210 14 13 0 -12
g 29273 14 682 459 14 12 0 -11
g 29275 14 0 473 14 12 0 -11
g 29287 14 14 473 14 12 0 -11
g 29289 14 140 210 13 13 0 -12
g 29298 14 153 210 14 13 0 -12
g 29305 14 167 210 14 13 0 -12
g 29344 14 181 210 14 13 0 -12
g 29356 14 195 210 14 13 0 -12
g 29359 14 209 210 14 13 0 -12
g 29366 14 223 210 14 13 0 -12
g 29378 14 237 210 14 13 0 -12
g 29401 14 251 210 14 13 0 -12
g 29417 14 265 210 14 13 0 -12
g 29420 14 28 473 14 12 0 -11
g 29421 14 14 15 14 14 0 -12
g 29467 14 279 210 14 13 0 -12
g 29471 14 42 473 14 12 0 -11
g 29483 14 293 210 14 13 0 -11
g 29486 14 307 210 14 13 0 -12
g 29494 14 56 473 14 12 0 -11
g 29503 14 321 210 14 13 0 -11
g 29508 14 70 473 14 12 0 -11
g 29539 14 84 473 14 12 0 -11
g 29554 14 335 210 14 13 0 -12
g 29572 14 349 210 14 13 0 -12
g 29575 14 363 210 14 13 0 -12
g 29577 14 98 473 14 12 0 -11
g 29579 14 112 473 14 12 0 -11
g 29609 14 126 473 14 12 0 -11
g 29645 14 377 210 14 13 0 -12
g 29664 14 391 210 14 13 0 -12
g 29677 14 405 210 14 13 0 -12
g 29694 14 140 473 14 12 0 -11
g 29699 14 154 473 14 12 0 -11
g 29702 14 168 473 14 12 0 -11
g 29748 14 182 473 14 12 0 -11
g 29792 14 196 473 14 12 0 -11
g 29827 14 419 210 14 13 0 -12
g 29863 14 210 473 14 12 0 -11
g 29872 14 224 473 14 12 0 -11
g 29885 14 238 473 14 12 0 -11
g 29926 14 252 473 14 12 0 -11
g 29942 14 266 472 14 12 0 -11
g 29976 14 280 472 14 12 0 -11
g 29978 14 433 210 14 13 0 -12
g 29983 14 294 472 14 12 0 -11
g 29987 14 447 210 14 13 0 -12
g 29992 14 308 472 13 12 0 -11
g 30000 14 321 472 12 12 1 -11
g 30001 14 28 15 12 14 1 -12
g 30002 14 333 472 12 12 1 -11
g 30003 14 461 210 12 13 1 -12
g 30007 14 473 210 13 13 0 -11
g 30010 14 345 472 13 12 1 -11
g 30011 14 486 210 14 13 0 -11
g 30028 14 358 472 14 12 0 -11
g 30031 14 372 472 14 12 0 -11
g 30033 14 500 210 13 13 0 -12
g 30036 14 513 210 14 13 0 -12
g 30041 14 527 210 14 13 0 -12
g 30044 14 541 210 14 13 0 -12
g 30045 14 386 472 14 12 0 -11
g 30053 14 555 210 14 13 0 -12
g 30058 14 569 210 14 13 0 -12
g 30064 14 400 472 14 12 0 -11
g 30067 14 414 472 14 12 0 -11
g 30079 14 40 14 14 14 0 -12
g 30094 14 583 210 14 13 0 -12
g 30097 14 428 472 14 12 0 -11
g 30123 14 442 472 14 12 0 -11
g 30130 14 597 210 14 13 0 -12
g 30142 14 456 472 14 12 0 -11
g 30149 14 611 210 14 13 0 -12
g 30151 14 625 210 14 13 0 -12
g 30165 14 639 210 14 13 0 -12
g 30168 14 653 210 14 13 0 -12
g 30171 14 667 210 14 13 0 -12
g 30178 14 681 210 14 13 0 -12
g 30185 14 0 224 14 13 0 -12
g 30196 14 14 224 14 13 0 -12
g 30221 14 28 224 14 13 0 -12
g 30274 14 42 224 14 13 0 -12
g 30290 14 56 224 14 13 0 -12
g 30294 14 470 472 14 12 0 -11
g 30330 14 484 472 14 12 0 -11
g 30331 14 498 472 14 12 0 -11
g 30333 14 70 224 12 13 1 -12
g 30334 14 512 472 14 12 0 -11
g 30340 14 82 224 12 13 1 -12
g 30342 14 94 224 14 13 0 -12
g 30343 14 108 224 14 13 0 -12
g 30382 14 122 224 14 13 0 -12
g 30399 14 261 569 14 11 0 -10
g 30406 14 526 472 14 12 0 -11
g 30410 14 136 223 14 13 0 -12
g 30423 14 150 223 14 13 0 -12
g 30427 14 164 223 14 13 0 -12
g 30431 14 540 472 14 12 0 -11
g 30435 14 178 223 14 13 0 -12
g 30436 14 192 223 14 13 0 -12
g 30446 14 206 223 12 13 1 -11
g 30450 14 218 223 14 13 0 -12
g 30452 14 232 223 14 13 0 -12
g 30456 14 246 223 13 13 0 -12
g 30462 14 259 223 14 13 0 -12
g 30465 14 273 223 14 13 0 -12
g 30473 14 554 472 13 12 0 -11
g 30475 14 287 223 14 13 0 -12
g 30476 14 567 472 14 12 0 -11
g 30495 14 301 223 14 13 0 -12
g 30496 14 581 472 14 12 0 -11
g 30522 14 595 472 14 12 0 -11
g 30524 14 609 471 13 12 1 -11
g 30528 14 54 14 14 14 0 -12
g 30561 14 315 223 14 13 0 -12
g 30563 14 329 223 14 13 0 -12
g 30566 14 622 471 14 12 0 -11
g 30636 14 343 223 14 13 0 -12
g 30637 14 636 471 14 12 0 -11
g 30643 14 357 223 14 13 0 -12
g 30683 14 650 471 14 12 0 -11
g 30690 14 371 223 14 13 0 -12
g 30693 14 385 223 13 13 0 -12
g 30701 14 398 223 14 13 0 -12
g 30703 14 412 223 14 13 0 -12
g 30707 14 664 471 14 12 0 -11
g 30722 14 678 471 14 12 0 -11
g 30740 14 0 485 14 12 0 -11
g 30741 14 426 223 14 13 0 -12
g 30770 14 440 223 14 13 0 -12
g 30772 14 454 223 14 13 0 -12
g 30813 14 468 223 14 13 0 -12
g 30827 14 14 485 14 12 0 -11
g 30828 14 28 485 14 12 0 -11
g 30849 14 42 485 14 12 0 -11
g 30865 14 482 223 14 13 0 -12
g 30906 14 68 14 14 14 0 -12
g 30913 14 496 223 14 13 0 -12
g 30952 14 510 223 14 13 0 -12
g 30977 14 524 223 14 13 0 -12
g 30990 14 538 223 14 13 0 -12
g 31034 14 56 485 14 12 0 -11
g 31036 14 70 485 14 12 0 -11
g 31038 14 552 223 14 13 0 -12
g 31048 14 566 223 14 13 0 -12
g 31049 14 580 223 14 13 0 -12
g 31062 14 594 223 14 13 0 -12
g 31069 14 608 223 14 13 0 -12
g 31070 14 622 223 14 13 0 -12
g 31077 14 636 223 14 13 0 -12
g 31080 14 84 485 14 12 0 -11
g 31085 14 650 223 14 13 0 -12
g 31105 14 664 223 14 13 0 -12
g 31109 14 678 223 14 13 0 -12
g 31117 14 98 485 14 12 0 -11
g 31119 14 112 485 14 12 0 -11
g 31168 14 0 237 14 13 0 -12
g 31169 14 14 237 14 13 0 -12
g 31179 14 126 485 14 12 0 -11
g 31185 14 140 485 14 12 0 -11
g 31186 14 154 485 14 12 0 -11
g 31192 14 168 485 14 12 0 -11
g 31199 14 28 237 14 13 0 -12
g 31209 14 182 485 14 12 0 -11
g 31216 14 42 237 14 13 0 -12
g 31227 14 56 237 14 13 0 -12
g 31243 14 196 485 14 12 0 -11
g 31246 14 210 485 14 12 0 -11
g 31258 14 70 237 14 13 0 -12
g 31278 14 224 485 14 12 0 -11
g 31282 14 238 485 14 12 0 -11
g 31292 14 84 237 14 13 0 -12
g 31293 14 98 237 14 13 0 -12
g 31295 14 112 237 14 13 0 -12
g 31296 14 252 485 14 12 0 -11
g 31298 14 126 237 14 13 0 -12
g 31309 14 140 236 14 13 0 -12
g 31311 14 154 236 14 13 0 -12
g 31339 14 168 236 14 13 0 -12
g 31348 14 182 236 14 13 0 -12
g 31350 14 196 236 14 13 0 -12
g 31354 14 210 236 14 13 0 -12
g 31361 14 224 236 14 13 0 -12
g 31363 14 266 484 14 12 0 -11
g 31378 14 238 236 14 13 0 -12
g 31379 14 252 236 14 13 0 -12
g 31391 14 266 236 14 13 0 -12
g 31406 14 82 14 14 14 0 -12
g 31407 14 280 484 14 12 0 -11
g 31435 14 280 236 14 13 0 -12
g 31452 14 294 236 14 13 0 -12
g 31456 14 308 236 14 13 0 -12
g 31461 14 322 236 14 13 0 -12
g 31471 14 96 14 14 14 0 -12
g 31478 14 294 484 14 12 0 -11
g 31481 14 336 236 14 13 0 -12
g 31505 14 350 236 14 13 0 -12
g 31515 14 308 484 14 12 0 -11
g 31526 14 322 484 14 12 0 -11
g 31532 14 364 236 14 13 0 -12
g 31558 14 378 236 14 13 0 -12
g 31561 14 392 236 14 13 0 -12
g 31563 14 110 14 14 14 0 -12
g 31570 14 406 236 14 13 0 -12
g 31572 14 420 236 14 13 0 -12
g 31574 14 434 236 14 13 0 -12
g 31623 14 336 484 14 12 0 -12
g 31627 14 448 236 14 13 0 -12
g 31639 14 124 14 14 14 0 -12
g 31649 14 462 236 14 13 0 -12
g 31665 14 476 236 14 13 0 -12
g 31672 14 490 236 14 13 0 -12
g 31680 14 350 484 14 12 0 -11
g 31684 14 138 14 14 14 0 -12
g 31689 14 504 236 14 13 0 -12
g 31716 14 518 236 14 13 0 -12
g 31777 14 152 14 14 14 0 -12
g 31807 14 532 236 14 13 0 -12
g 31821 14 546 236 14 13 0 -12
g 31840 14 560 236 14 13 0 -12
g 31859 14 364 484 14 12 0 -11
g 31881 14 378 484 14 12 0 -11
g 31883 14 392 484 14 12 0 -11
g 31890 14 574 236 14 13 0 -12
g 31895 14 588 236 14 13 0 -12
g 31896 14 406 484 14 12 0 -11
g 31899 14 602 236 14 13 0 -12
g 31911 14 616 236 14 13 0 -12
g 31934 14 630 236 14 13 0 -12
g 31958 14 644 236 14 13 0 -12
g 31975 14 420 484 14 12 0 -11
g 31992 14 658 236 14 13 0 -12
g 31995 14 166 14 14 14 0 -12
g 31998 14 672 236 14 13 0 -12
g 32000 14 686 236 14 13 0 -12
g 32004 14 0 250 13 13 0 -12
g 32005 14 13 250 14 13 0 -12
g 32011 14 27 250 14 13 0 -12
g 32013 14 41 250 14 13 0 -12
g 32020 14 55 250 14 13 0 -12
g 32025 14 69 250 14 13 0 -12
g 32026 14 83 250 14 13 0 -12
g 32027 14 434 484 14 12 0 -11
g 32032 14 97 250 14 13 0 -12
g 32033 14 448 484 14 12 0 -11
g 32034 14 111 250 14 13 0 -12
g 32043 14 125 250 14 13 0 -12
g 32047 14 462 484 14 12 0 -11
g 32048 14 139 250 13 13 0 -12
g 32051 14 152 249 13 13 0 -12
g 32057 14 165 249 13 13 0 -12
g 32058 14 178 249 14 13 0 -12
g 32066 14 476 484 14 12 0 -11
g 32068 14 192 249 14 13 0 -12
g 32076 14 180 14 14 14 0 -12
g 32080 14 206 249 14 13 0 -12
g 32094 14 220 249 14 13 0 -11
g 32097 14 234 249 14 13 0 -12
g 32102 14 248 249 14 13 0 -12
g 32113 14 262 249 14 13 0 -12
g 32117 14 490 484 14 12 0 -11
g 32118 14 276 249 14 13 0 -12
g 32121 14 290 249 13 13 0 -12
g 32153 14 504 484 14 12 0 -11
g 32154 14 303 249 14 13 0 -12
g 32173 14 317 249 14 13 0 -12
g 32177 14 518 484 13 12 0 -11
g 32178 14 331 249 14 13 0 -12
g 32187 14 531 484 14 12 0 -11
g 32191 14 345 249 14 13 0 -12
g 32202 14 545 484 14 12 0 -11
g 32207 14 359 249 14 13 0 -12
g 32209 14 559 484 14 12 0 -11
g 32210 14 573 484 14 12 0 -11
g 32218 14 373 249 14 13 0 -12
g 32224 14 387 249 14 13 0 -12
g 32232 14 587 484 14 12 0 -11
g 32233 14 401 249 14 13 0 -12
g 32239 14 415 249 14 13 0 -12
g 32244 14 429 249 14 13 0 -12
g 32251 14 194 14 14 14 0 -12
g 32257 14 208 14 14 14 0 -12
g 32260 14 601 484 14 12 0 -11
g 32283 14 443 249 14 13 0 -12
g 32294 14 457 249 14 13 0 -12
g 32299 14 615 483 14 12 0 -11
g 32302 14 471 249 14 13 0 -12
g 32318 14 485 249 14 13 0 -12
g 32321 14 499 249 14 13 0 -12
g 32330 14 629 483 14 12 0 -11
g 32340 14 643 483 14 12 0 -11
g 32341 14 657 483 14 12 0 -11
g 32365 14 513 249 14 13 0 -12
g 32368 14 527 249 14 13 0 -12
g 32566 14 541 249 14 13 0 -12
g 32618 14 671 483 14 12 0 -11
g 32622 14 685 483 14 12 0 -11
g 32624 14 0 497 13 12 0 -11
g 32626 14 13 497 14 12 0 -11
g 32629 14 27 497 14 12 0 -11
g 32631 14 41 497 14 12 0 -11
g 32645 14 55 497 14 12 0 -11
g 32650 14 69 497 14 12 0 -11
g 32654 14 555 249 14 13 0 -12
g 32670 14 569 249 14 13 0 -12
g 32676 14 83 497 14 12 0 -11
g 32680 14 97 497 14 12 0 -11
g 32681 14 583 249 14 13 0 -12
g 32701 14 111 497 13 12 0 -11
g 32705 14 597 249 14 13 0 -12
g 32716 14 124 497 14 12 0 -11
g 32722 14 138 497 13 12 0 -11
g 32763 14 611 249 14 13 0 -12
g 32764 14 151 497 14 12 0 -11
g 32769 14 625 249 14 13 0 -12
g 32771 14 639 249 14 13 0 -12
g 32773 14 653 249 14 13 0 -12
g 32784 14 667 249 14 13 0 -12
g 32789 14 165 497 14 12 0 -11
g 32791 14 179 497 14 12 0 -11
g 32819 14 193 497 14 12 0 -11
g 32854 14 207 497 14 12 0 -11
g 32862 14 221 497 12 12 1 -11
g 32884 14 233 497 14 12 0 -11
g 32887 14 681 249 14 13 0 -12
g 32905 14 0 263 12 13 1 -12
g 32908 14 247 497 14 12 0 -11
g 32918 14 261 497 12 12 1 -11
g 32920 14 273 496 14 12 0 -11
g 32925 14 287 496 14 12 0 -11
g 32929 14 301 496 14 12 0 -11
g 32930 14 12 263 14 13 0 -12
g 32933 14 315 496 14 12 0 -11
g 32937 14 329 496 13 12 0 -11
g 32938 14 342 496 14 12 0 -11
g 32943 14 26 263 14 13 0 -12
g 32946 14 40 263 14 13 0 -12
g 32954 14 356 496 14 12 0 -11
g 32963 14 370 496 12 12 1 -11
g 32966 14 382 496 14 12 0 -11
g 32972 14 396 496 14 12 0 -11
g 32974 14 410 496 14 12 0 -11
g 32990 14 54 263 14 13 0 -12
g 33012 14 424 496 13 12 0 -11
g 33016 14 68 263 13 13 0 -12
g 33021 14 437 496 14 12 0 -11
g 33026 14 451 496 14 12 0 -11
g 33029 14 81 263 14 13 0 -12
g 33031 14 465 496 14 12 0 -11
g 33032 14 479 496 14 12 0 -11
g 33034 14 95 263 14 13 0 -12
g 33050 14 493 496 14 12 0 -11
g 33073 14 507 496 14 12 0 -11
g 33075 14 521 496 14 12 0 -11
g 33102 14 535 496 14 12 0 -11
g 33104 14 109 263 14 13 0 -12
g 33109 14 123 263 14 13 0 -12
g 33131 14 137 263 14 13 0 -12
g 33136 14 549 496 14 12 0 -11
g 33144 14 563 496 14 12 0 -11
g 33145 14 151 263 14 13 0 -12
g 33146 14 165 262 14 13 0 -12
g 33178 14 577 496 14 12 0 -11
g 33180 14 591 496 14 12 0 -11
g 33181 14 179 262 14 13 0 -12
g 33192 14 605 496 14 12 0 -11
g 33203 14 193 262 14 13 0 -12
g 33222 14 222 14 14 14 0 -12
g 33235 14 207 262 14 13 0 -12
g 33251 14 619 495 13 12 1 -11
g 33256 14 632 495 14 12 0 -11
g 33258 14 236 14 12 14 1 -12
g 33261 14 221 262 14 13 0 -12
g 33267 14 646 495 14 12 0 -11
g 33268 14 235 262 14 13 0 -12
g 33276 14 249 262 12 13 1 -12
g 33288 14 660 495 14 12 0 -11
g 33292 14 674 495 14 12 0 -11
g 33294 14 248 14 14 14 0 -12
g 33303 14 0 509 14 12 0 -11
g 33310 14 261 262 14 13 0 -12
g 33311 14 275 262 14 13 0 -12
g 33322 14 289 262 14 13 0 -12
g 33324 14 303 262 14 13 0 -12
g 33334 14 317 262 13 13 0 -12
g 33335 14 14 509 14 12 0 -11
g 33337 14 330 262 14 13 0 -12
g 33351 14 344 262 14 13 0 -11
g 33382 14 358 262 14 13 0 -12
g 33391 14 372 262 14 13 0 -12
g 33394 14 386 262 14 13 0 -12
g 33398 14 400 262 14 13 0 -12
g 33419 14 28 509 14 12 0 -11
g 33437 14 414 262 14 13 0 -12
g 33455 14 42 509 14 12 0 -11
g 33457 14 428 262 14 13 0 -12
g 33459 14 442 262 14 13 0 -12
g 33464 14 56 509 14 12 0 -11
g 33469 14 456 262 14 13 0 -12
g 33495 14 70 509 14 12 0 -11
g 33499 14 470 262 14 13 0 -12
g 33509 14 84 509 14 12 0 -11
g 33510 14 484 262 14 13 0 -12
g 33521 14 498 262 14 13 0 -12
g 33538 14 512 262 14 13 0 -12
g 33550 14 526 262 14 13 0 -12
g 33576 14 540 262 14 13 0 -11
g 33590 14 98 509 14 12 0 -11
g 33609 14 554 262 14 13 0 -12
g 33618 14 568 262 14 13 0 -12
g 33624 14 582 262 14 13 0 -12
g 33655 14 596 262 14 13 0 -12
g 33738 14 262 14 14 14 0 -12
g 33740 14 610 262 14 13 0 -12
g 33747 14 624 262 14 13 0 -12
g 33756 14 638 262 14 13 0 -12
g 33775 14 652 262 14 13 0 -12
g 33806 14 666 262 14 13 0 -12
g 33853 14 112 509 14 12 0 -11
g 33865 14 126 509 14 12 0 -11
g 33879 14 680 262 14 13 0 -12
g 33883 14 0 276 14 13 0 -12
g 33900 14 14 276 14 13 0 -12
g 33976 14 28 276 14 13 0 -12
g 33988 14 42 276 14 13 0 -12
g 33995 14 56 276 14 13 0 -12
g 34065 14 70 276 14 13 0 -12
g 34101 14 84 276 14 13 0 -12
g 34109 14 98 276 14 13 0 -12
g 34180 14 112 276 14 13 0 -12
g 34214 14 276 14 14 14 0 -12
g 34218 14 126 276 14 13 0 -12
g 34219 14 140 276 14 13 0 -12
g 34220 14 154 276 14 13 0 -12
g 34253 14 140 509 14 12 0 -11
g 34276 14 168 275 14 13 0 -12
g 34281 14 182 275 14 13 0 -12
g 34299 14 196 275 14 13 0 -12
g 34382 14 210 275 14 13 0 -12
g 34384 14 224 275 14 13 0 -12
g 34394 14 238 275 14 13 0 -12
g 34396 14 252 275 13 13 0 -12
g 34398 14 265 275 14 13 0 -12
g 34411 14 279 275 14 13 0 -12
g 34425 14 293 275 14 13 0 -12
g 34442 14 307 275 14 13 0 -12
g 34453 14 154 509 14 12 0 -11
g 34503 14 321 275 14 13 0 -12
g 34509 14 335 275 14 13 0 -11
g 34542 14 349 275 14 13 0 -12
g 34562 14 168 509 14 12 0 -11
g 34588 14 363 275 14 13 0 -12
g 34701 14 182 509 14 12 0 -11
g 34880 14 377 275 14 13 0 -12
g 34886 14 391 275 14 13 0 -12
g 34892 14 405 275 14 13 0 -12
g 34899 14 196 509 14 12 0 -11
g 34903 14 210 509 14 12 0 -11
g 34907 14 419 275 14 13 0 -12
g 34909 14 433 275 14 13 0 -12
g 34913 14 447 275 14 13 0 -12
g 34915 14 224 509 14 12 0 -11
g 34920 14 461 275 14 13 0 -12
g 34928 14 475 275 14 13 0 -12
g 34935 14 489 275 14 13 0 -12
g 34955 14 503 275 14 13 0 -12
g 34966 14 517 275 14 13 0 -12
g 34987 14 531 275 14 13 0 -12
g 35009 14 545 275 14 13 0 -12
g 35010 14 238 509 14 12 0 -11
g 35013 14 559 275 14 13 0 -12
g 35023 14 573 275 14 13 0 -12
g 35029 14 252 509 14 12 0 -11
g 35036 14 266 509 14 12 0 -11
g 35064 14 280 508 14 12 0 -11
g 35069 14 587 275 14 13 0 -12
g 35070 14 294 508 14 12 0 -11
g 35079 14 601 275 14 13 0 -12
g 35088 14 615 275 14 13 0 -11
g 35090 14 629 275 14 13 0 -12
g 35167 14 308 508 14 12 0 -11
g 35186 14 643 275 14 13 0 -12
g 35199 14 322 508 14 12 0 -11
g 35201 14 336 508 14 12 0 -11
g 35206 14 350 508 14 12 0 -11
g 35207 14 364 508 14 12 0 -11
g 35211 14 378 508 14 12 0 -11
g 35215 14 392 508 14 12 0 -11
g 35222 14 406 508 14 12 0 -11
g 35226 14 657 275 14 13 0 -12
g 35239 14 671 275 14 13 0 -12
g 35242 14 685 275 14 13 0 -12
g 35251 14 0 289 14 13 0 -11
g 35282 14 14 289 13 13 0 -12
g 35299 14 27 289 14 13 0 -12
g 35302 14 41 289 14 13 0 -12
g 35328 14 420 508 14 12 0 -11
g 35330 14 55 289 14 13 0 -11
g 35331 14 434 508 14 12 0 -11
g 35336 14 448 508 14 12 0 -11
g 35342 14 69 289 14 13 0 -12
g 35347 14 290 14 13 14 0 -12
g 35351 14 462 508 14 12 0 -11
g 35352 14 83 289 14 13 0 -11
g 35359 14 97 289 14 13 0 -12
g 35370 14 111 289 14 13 0 -11
g 35373 14 476 508 14 12 0 -11
g 35377 14 125 289 14 13 0 -12
g 35379 14 490 508 14 12 0 -11
g 35380 14 504 508 14 12 0 -11
g 35386 14 518 508 14 12 0 -11
g 35388 14 139 289 14 13 0 -11
g 35408 14 303 14 14 14 0 -12
g 35412 14 532 508 13 12 0 -11
g 35413 14 545 508 14 12 0 -11
g 35422 14 559 508 13 12 0 -11
g 35424 14 153 289 14 13 0 -12
g 35427 14 572 508 14 12 0 -11
g 35430 14 167 289 14 13 0 -12
g 35433 14 586 508 14 12 0 -11
g 35438 14 600 508 14 12 0 -11
g 35440 14 181 288 14 13 0 -11
g 35441 14 614 508 14 12 0 -11
g 35442 14 628 507 14 12 0 -11
g 35443 14 642 507 14 12 0 -11
g 35463 14 656 507 14 12 0 -11
g 35465 14 195 288 14 13 0 -12
g 35468 14 317 14 14 14 0 -13
g 35469 14 670 507 14 12 0 -11
g 35475 14 209 288 14 13 0 -12
g 35477 14 223 288 14 13 0 -11
g 35480 14 684 507 14 12 0 -11
g 35486 14 0 521 14 12 0 -11
g 35488 14 237 288 14 13 0 -12
g 35492 14 14 521 14 12 0 -11
g 35500 14 251 288 14 13 0 -12
g 35501 14 28 521 14 12 0 -11
g 35504 14 331 14 14 14 0 -12
g 35506 14 42 521 14 12 0 -11
g 35519 14 56 521 13 12 0 -11
g 35527 14 265 288 14 13 0 -11
g 35531 14 279 288 14 13 0 -12
g 35542 14 69 521 14 12 0 -11
g 35558 14 345 14 14 14 0 -12
g 35559 14 83 521 14 12 0 -11
g 35565 14 97 521 14 12 0 -11
g 35566 14 293 288 14 13 0 -12
g 35576 14 307 288 14 13 0 -12
g 35582 14 111 521 14 12 0 -11
g 35584 14 125 521 14 12 0 -11
g 35585 14 139 521 14 12 0 -11
g 35588 14 153 521 14 12 0 -11
g 35598 14 167 521 14 12 0 -11
g 35609 14 181 521 14 12 0 -11
g 35611 14 321 288 14 13 0 -12
g 35613 14 335 288 14 13 0 -12
g 35617 14 349 288 14 13 0 -11
g 35641 14 363 288 14 13 0 -12
g 35672 14 377 288 14 13 0 -11
g 35676 14 391 288 14 13 0 -12
g 35686 14 405 288 14 13 0 -12
g 35696 14 359 14 14 14 0 -12
g 35698 14 419 288 14 13 0 -12
g 35703 14 195 521 14 12 0 -11
g 35895 14 433 288 14 13 0 -11
g 35910 14 209 521 14 12 0 -11
g 35914 14 447 288 14 13 0 -12
g 35930 14 461 288 14 13 0 -11
g 35937 14 373 14 14 14 0 -12
g 35946 14 475 288 14 13 0 -12
g 35980 14 223 521 14 12 0 -11
g 35997 14 237 521 14 12 0 -11
g 35998 14 489 288 14 13 0 -12
g 36000 14 503 288 14 13 0 -12
g 36001 14 251 521 14 12 0 -11
g 36002 14 265 521 14 12 0 -11
g 36007 14 517 288 14 13 0 -12
g 36008 14 531 288 14 13 0 -12
g 36009 14 279 521 14 12 0 -11
g 36010 14 545 288 14 13 0 -12
g 36011 14 293 520 14 12 0 -11
g 36012 14 559 288 14 13 0 -12
g 36015 14 307 520 14 12 0 -11
g 36020 14 573 288 14 13 0 -12
g 36023 14 321 520 14 12 0 -11
g 36024 14 335 520 14 12 0 -11
g 36027 14 387 14 14 14 0 -12
g 36028 14 587 288 14 13 0 -11
g 36031 14 601 288 14 13 0 -12
g 36032 14 615 288 14 13 0 -12
g 36034 14 349 520 14 12 0 -11
g 36035 14 629 288 14 13 0 -12
g 36036 14 643 288 14 13 0 -12
g 36039 14 657 288 14 13 0 -12
g 36042 14 363 520 14 12 0 -11
g 36051 14 671 288 14 13 0 -12
g 36059 14 685 288 14 13 0 -12
g 36060 14 0 302 14 13 0 -11
g 36062 14 14 302 14 13 0 -12
g 36064 14 377 520 14 12 0 -11
g 36066 14 28 302 14 13 0 -11
g 36070 14 391 520 14 12 0 -11
g 36074 14 405 520 14 12 0 -11
g 36077 14 42 302 14 13 0 -11
g 36092 14 419 520 14 12 0 -11
g 36104 14 56 302 14 13 0 -11
g 36196 14 70 302 14 13 0 -12
g 36198 14 84 302 14 13 0 -12
g 36208 14 98 302 14 13 0 -12
g 36212 14 112 302 14 13 0 -12
g 36215 14 126 302 14 13 0 -12
g 36229 14 140 302 14 13 0 -12
g 36234 14 401 14 14 14 0 -12
g 36259 14 154 302 14 13 0 -11
g 36275 14 433 520 14 12 0 -11
g 36317 14 447 520 14 12 0 -11
g 36321 14 168 302 14 13 0 -12
g 36335 14 461 520 14 12 0 -11
g 36339 14 475 520 14 12 0 -11
g 36341 14 489 520 14 12 0 -11
g 36362 14 182 301 14 13 0 -11
g 36367 14 196 301 14 13 0 -12
g 36394 14 503 520 14 12 0 -11
g 36468 14 517 520 14 12 0 -11
g 36493 14 531 520 14 12 0 -11
g 36523 14 210 301 14 13 0 -12
g 36554 14 415 14 14 14 0 -12
g 36556 14 545 520 14 12 0 -11
g 36557 14 559 520 14 12 0 -11
g 36562 14 224 301 14 13 0 -12
g 36575 14 238 301 14 13 0 -12
g 36578 14 252 301 14 13 0 -12
g 36600 14 573 520 14 12 0 -11
g 36605 14 266 301 14 13 0 -12
g 36611 14 280 301 14 13 0 -12
g 36617 14 294 301 14 13 0 -12
g 36637 14 587 520 14 12 0 -11
g 36649 14 429 14 14 14 0 -12
g 36650 14 308 301 14 13 0 -12
g 36664 14 601 520 14 12 0 -11
g 36676 14 322 301 14 13 0 -12
g 36763 14 336 301 14 13 0 -12
g 36766 14 350 301 14 13 0 -12
g 36771 14 615 520 14 12 0 -11
g 36785 14 629 519 14 12 0 -11
g 36786 14 364 301 14 13 0 -12
g 36794 14 443 14 14 14 0 -12
g 36796 14 643 519 14 12 0 -11
g 36805 14 657 519 14 12 0 -11
g 36814 14 671 519 14 12 0 -11
g 36817 14 685 519 14 12 0 -11
g 36820 14 378 301 14 13 0 -11
g 36843 14 392 301 14 13 0 -12
g 36845 14 0 533 14 12 0 -11
g 36848 14 406 301 14 13 0 -12
g 36855 14 457 14 14 14 0 -12
g 36861 14 420 301 14 13 0 -12
g 36864 14 14 533 14 12 0 -11
g 36865 14 434 301 14 13 0 -12
g 36867 14 28 533 14 12 0 -11
g 36870 14 448 301 14 13 0 -11
g 36879 14 462 301 14 13 0 -12
g 36880 14 42 533 14 12 0 -11
g 36883 14 56 533 14 12 0 -11
g 36884 14 70 533 14 12 0 -11
g 36890 14 84 533 14 12 0 -11
g 36893 14 476 301 14 13 0 -12
g 36895 14 98 533 14 12 0 -11
g 36896 14 112 533 14 12 0 -11
g 36899 14 471 14 14 14 0 -12
g 36910 14 490 301 14 13 0 -12
g 36913 14 504 301 14 13 0 -11
g 36914 14 126 533 14 12 0 -11
g 36920 14 518 301 14 13 0 -12
g 36930 14 532 301 14 13 0 -12
g 36933 14 546 301 14 13 0 -11
g 36935 14 560 301 14 13 0 -11
g 36938 14 140 533 14 12 0 -11
g 36939 14 154 533 14 12 0 -11
g 36941 14 574 301 14 13 0 -11
g 36942 14 168 533 14 12 0 -11
g 36947 14 588 301 14 13 0 -12
g 36948 14 602 301 14 13 0 -12
g 36949 14 616 301 14 13 0 -12
g 36956 14 630 301 14 13 0 -12
g 36960 14 644 301 14 13 0 -12
g 36961 14 182 533 14 12 0 -11
g 36963 14 658 301 14 13 0 -12
g 36969 14 672 301 14 13 0 -12
g 36973 14 686 301 14 13 0 -12
g 36974 14 0 315 14 13 0 -12
g 36981 14 196 533 14 12 0 -11
g 36983 14 210 533 14 12 0 -11
g 36984 14 14 315 14 13 0 -11
g 36986 14 485 14 14 14 0 -12
g 36991 14 224 533 14 12 0 -11
g 36996 14 238 533 14 12 0 -11
g 37027 14 252 533 14 12 0 -11
g 37030 14 266 533 14 12 0 -11
g 37034 14 280 533 14 12 0 -11
g 37048 14 294 532 14 12 0 -11
g 37066 14 308 532 14 12 0 -11
g 37070 14 28 315 14 13 0 -12
g 37089 14 322 532 14 12 0 -11
g 37096 14 42 315 14 13 0 -12
g 37101 14 336 532 14 12 0 -11
g 37109 14 350 532 14 12 0 -11
g 37111 14 364 532 14 12 0 -11
g 37117 14 56 315 14 13 0 -12
g 37196 14 70 315 13 13 0 -12
g 37197 14 378 532 14 12 0 -11
g 37198 14 392 532 14 12 0 -11
g 37202 14 406 532 14 12 0 -11
g 37204 14 420 532 14 12 0 -11
g 37218 14 83 315 14 13 0 -12
g 37226 14 97 315 14 13 0 -12
g 37228 14 434 532 14 12 0 -11
g 37237 14 111 315 14 13 0 -12
g 37239 14 125 315 14 13 0 -11
g 37240 14 139 315 14 13 0 -12
g 37266 14 448 532 14 12 0 -11
g 37276 14 153 315 14 13 0 -12
g 37304 14 167 315 14 13 0 -12
g 37319 14 181 315 14 13 0 -12
g 37320 14 195 314 14 13 0 -12
g 37324 14 462 532 14 12 0 -11
g 37325 14 209 314 14 13 0 -12
g 37326 14 476 532 14 12 0 -11
g 37327 14 490 532 14 12 0 -11
g 37329 14 223 314 14 13 0 -12
g 37340 14 504 532 14 12 0 -11
g 37341 14 237 314 14 13 0 -12
g 37347 14 518 532 13 12 0 -11
g 37389 14 531 532 14 12 0 -11
g 37428 14 545 532 14 12 0 -11
g 37444 14 251 314 14 13 0 -12
g 37467 14 559 532 14 12 0 -11
g 37474 14 573 532 14 12 0 -11
g 37489 14 265 314 14 13 0 -11
g 37504 14 587 532 14 12 0 -11
g 37507 14 601 532 14 12 0 -11
g 37509 14 615 532 14 12 0 -11
g 37528 14 279 314 14 13 0 -12
g 37549 14 293 314 14 13 0 -12
g 37613 14 307 314 14 13 0 -12
g 37619 14 321 314 14 13 0 -12
g 37628 14 335 314 14 13 0 -12
g 37664 14 349 314 14 13 0 -12
g 37670 14 363 314 14 13 0 -12
g 37676 14 377 314 14 13 0 -12
g 37678 14 629 531 14 12 0 -12
g 37679 14 643 531 14 12 0 -11
g 37682 14 657 531 14 12 0 -11
g 37707 14 671 531 14 12 0 -11
g 37723 14 685 531 14 12 0 -11
g 37749 14 0 545 14 12 0 -11
g 37772 14 391 314 14 13 0 -12
g 37782 14 14 545 14 12 0 -11
g 37806 14 28 545 14 12 0 -11
g 37857 14 405 314 14 13 0 -12
g 37912 14 419 314 14 13 0 -12
g 37969 14 42 545 14 12 0 -11
g 38263 14 56 545 14 12 0 -11
g 38272 14 70 545 12 12 1 -11
g 38281 14 82 545 12 12 1 -11
g 38283 14 94 545 12 12 1 -11
g 38289 14 106 545 12 12 1 -11
g 38291 14 118 545 12 12 1 -11
g 38306 14 130 545 12 12 1 -11
g 38307 14 142 545 12 12 1 -11
g 38309 14 154 545 12 12 1 -11
g 38322 14 166 545 12 12 1 -11
g 38343 14 178 545 12 12 1 -11
g 38360 14 190 545 12 12 1 -11
g 38428 14 499 14 14 14 0 -12
g 38442 14 202 545 13 12 1 -11
g 38450 14 215 545 13 12 1 -11
g 38459 14 228 545 13 12 1 -11
g 38468 14 241 545 14 12 0 -11
g 38477 14 433 314 13 13 1 -12
g 38480 14 255 545 13 12 1 -11
g 38491 14 268 545 13 12 1 -11
g 38498 14 446 314 13 13 1 -12
g 38499 14 459 314 13 13 1 -12
g 38500 14 472 314 13 13 1 -12
g 38501 14 281 545 12 12 1 -11
g 38506 14 293 545 13 12 1 -11
g 38512 14 306 544 13 12 1 -11
g 38515 14 485 314 14 13 0 -12
g 38517 14 319 544 13 12 1 -11
g 38518 14 499 314 13 13 0 -12
g 38520 14 332 544 14 12 0 -11
g 38522 14 346 544 14 12 0 -11
g 38525 14 360 544 13 12 1 -11
g 38533 14 373 544 13 12 1 -11
g 38534 14 386 544 13 12 1 -11
g 38538 14 513 14 13 14 1 -12
g 38542 14 399 544 13 12 1 -11
g 38543 14 512 314 14 13 0 -11
g 38548 14 412 544 13 12 1 -11
g 38553 14 425 544 14 12 0 -11
g 38555 14 526 314 14 13 0 -12
g 38556 14 540 314 13 13 1 -12
g 38560 14 553 314 13 13 1 -12
g 38563 14 439 544 13 12 1 -11
g 38583 14 566 314 14 13 0 -12
g 38587 14 580 314 14 13 0 -12
g 38596 14 594 314 14 13 0 -12
g 38597 14 608 314 14 13 0 -12
g 38598 14 622 314 14 13 0 -12
g 38599 14 452 544 14 12 0 -11
g 38604 14 466 544 14 12 0 -11
g 38609 14 480 544 14 12 0 -11
g 38626 14 636 314 14 13 0 -12
g 38627 14 650 314 14 13 0 -12
g 38632 14 494 544 14 12 0 -11
g 38634 14 508 544 14 12 0 -11
g 38640 14 522 544 14 12 0 -11
g 38642 14 536 544 14 12 0 -11
g 38646 14 664 314 14 13 0 -12
g 38647 14 678 314 14 13 0 -11
g 38651 14 550 544 14 12 0 -11
g 38656 14 564 544 14 12 0 -11
g 38663 14 578 544 14 12 0 -11
g 38666 14 592 544 14 12 0 -11
g 38684 14 606 544 14 12 0 -11
g 38695 14 0 328 14 13 0 -11
g 38706 14 620 544 14 12 0 -11
g 38738 14 14 328 14 13 0 -12
g 38745 14 28 328 14 13 0 -12
g 38750 14 42 328 14 13 0 -12
g 38754 14 634 543 14 12 0 -11
g 38761 14 56 328 14 13 0 -12
g 38772 14 648 543 14 12 0 -11
g 38867 14 70 328 14 13 0 -12
g 38899 14 84 328 14 13 0 -12
g 38907 14 662 543 14 12 0 -11
g 38911 14 676 543 14 12 0 -11
g 38914 14 0 557 14 12 0 -11
g 38915 14 14 557 13 12 1 -11
g 38917 14 27 557 14 12 0 -11
g 38918 14 41 557 14 12 0 -11
g 38920 14 55 557 14 12 0 -11
g 38928 14 69 557 14 12 0 -11
g 38929 14 83 557 14 12 0 -11
g 38930 14 97 557 14 12 0 -11
g 38931 14 111 557 14 12 0 -11
g 38936 14 125 557 14 12 0 -11
g 38957 14 139 557 14 12 0 -11
g 38960 14 153 557 14 12 0 -11
g 38971 14 167 557 14 12 0 -11
g 38972 14 181 557 14 12 0 -11
g 38988 14 98 328 14 13 0 -11
g 38989 14 195 557 14 12 0 -11
g 38990 14 112 328 14 13 0 -11
g 38996 14 209 557 14 12 0 -11
g 38997 14 223 557 14 12 0 -11
g 39000 14 237 557 14 12 0 -11
g 39006 14 251 557 14 12 0 -11
g 39015 14 265 557 14 12 0 -11
g 39080 14 279 557 14 12 0 -11
g 39131 14 293 557 14 12 0 -11
g 39135 14 307 556 14 12 0 -11
g 39138 14 526 14 14 14 0 -12
g 39151 14 540 14 14 14 0 -12
g 39154 14 554 14 14 14 0 -12
g 39164 14 126 328 13 13 0 -12
g 39165 14 139 328 14 13 0 -12
g 39166 14 153 328 14 13 0 -12
g 39173 14 167 328 14 13 0 -12
g 39178 14 181 328 14 13 0 -12
g 39180 14 195 327 14 13 0 -12
g 39187 14 321 556 14 12 0 -11
g 39208 14 209 327 14 13 0 -12
g 39318 14 223 327 14 13 0 -12
g 39321 14 568 14 14 14 0 -13
g 39340 14 335 556 14 12 0 -11
g 39364 14 237 327 14 13 0 -12
g 39365 14 349 556 14 12 0 -11
g 39366 14 363 556 14 12 0 -11
g 39376 14 582 14 14 14 0 -12
g 39378 14 596 14 13 14 0 -12
g 39438 14 609 14 14 14 0 -12
g 39442 14 377 556 14 12 0 -11
g 39443 14 391 556 14 12 0 -11
g 39472 14 405 556 14 12 0 -11
g 39514 14 251 327 14 13 0 -12
g 39592 14 419 556 14 12 0 -11
g 39608 14 433 556 14 12 0 -11
g 39620 14 265 327 14 13 0 -12
g 39640 14 279 327 14 13 0 -12
g 39658 14 447 556 14 12 0 -11
g 39729 14 461 556 14 12 0 -11
g 39740 14 293 327 14 13 0 -12
g 39746 14 475 556 14 12 0 -11
g 39749 14 307 327 14 13 0 -12
g 39764 14 321 327 14 13 0 -12
g 39770 14 335 327 14 13 0 -12
g 39854 14 349 327 14 13 0 -12
g 39912 14 363 327 14 13 0 -12
g 40165 14 377 327 14 13 0 -12
g 40180 14 391 327 14 13 0 -12
g 40335 14 405 327 14 13 0 -12
g 40372 14 623 14 14 14 0 -12
g 40575 14 419 327 14 13 0 -12
g 40595 14 433 327 14 13 0 -12
g 40599 14 489 556 14 12 0 -11
g 40614 14 447 327 14 13 0 -12
g 40634 14 461 327 14 13 0 -12
g 40635 14 475 327 14 13 0 -12
g 40644 14 503 556 14 12 0 -12
g 40658 14 517 556 14 12 0 -11
g 40665 14 531 556 14 12 0 -11
g 40723 14 545 556 14 12 0 -11
g 40763 14 489 327 14 13 0 -12
g 40802 14 503 327 14 13 0 -12

# kerning pairs: left glyph index, right glyph index, x-delta
# indices are zero-based and refer to glyphs in the order they appear in this file.

k 35 54 -1
k 35 59 -1
k 50 35 -1
k 54 35 -1
k 54 67 -1
k 54 69 -1
k 54 70 -1
k 54 71 -1
k 54 73 -1
k 54 79 -1
k 54 80 -1
k 54 81 -1
k 54 82 -1
k 54 83 -1
k 54 84 -1
k 54 85 -1
k 54 87 -1
k 54 90 -1
k 56 67 -1
k 59 35 -1
k 59 67 -1
k 59 69 -1
k 59 70 -1
k 59 71 -1
k 59 73 -1
k 59 79 -1
k 59 80 -1
k 59 81 -1
k 59 82 -1
k 59 83 -1
k 59 84 -1
k 59 87 -1
k 227 246 -1
k 227 251 -1
k 238 246 -1
k 238 251 -1
k 242 236 -1
k 246 227 -1
k 246 236 -1
k 246 259 -1
k 246 261 -1
k 246 262 -1
k 246 263 -1
k 246 265 -1
k 246 271 -1
k 246 272 -1
k 246 273 -1
k 246 275 -1
k 246 276 -1
k 246 277 -1
k 246 279 -1
k 246 282 -1
k 248 259 -1
k 251 227 -1
k 251 259 -1
k 251 261 -1
k 251 262 -1
k 251 263 -1
k 251 265 -1
k 251 273 -1
k 251 274 -1
k 251 275 -1
k 419 438 -1
k 419 443 -1
k 430 438 -1
k 430 440 -1
k 430 443 -1
k 438 451 -1
k 438 453 -1
k 438 454 -1
k 438 455 -1
k 438 457 -1
k 438 465 -1
k 438 467 -1
k 438 469 -1
k 443 451 -1
k 443 453 -1
k 443 454 -1
k 443 455 -1
k 443 457 -1
k 443 465 -1
k 443 467 -1