size 14

page "SegoeUI.png"
# fields: unicode codepoint, x-advance, bitmap region (x,y,w,h), draw coordinate (x,y)

style normal
g 0 11 232 38 8 11 1 -12
g 13 0 0 0 0 0 0 0
g 32 4 0 0 0 0 0 0
g 33 4 140 51 2 10 1 -10
g 34 5 40 166 4 3 1 -10
g 35 8 142 51 8 10 0 -10
g 36 8 25 0 6 13 1 -11
g 37 11 150 51 11 10 0 -10
g 38 11 161 51 11 10 0 -10
g 39 3 44 166 2 3 1 -10
g 40 4 222 26 5 12 0 -10
g 41 4 227 26 4 12 0 -10
g 42 6 138 157 6 5 0 -10
g 43 10 168 141 8 7 1 -7
g 44 3 236 155 3 4 0 -2
g 45 6 156 162 5 1 0 -4
g 46 3 90 163 3 2 0 -2
g 47 5 240 38 7 11 -1 -10
g 48 8 172 51 7 10 0 -10
g 49 8 179 51 6 10 1 -10
g 50 8 185 51 7 10 0 -10
g 51 8 192 51 7 10 0 -10
g 52 8 199 51 8 10 0 -10
g 53 8 207 51 6 10 1 -10
g 54 8 213 51 7 10 0 -10
g 55 8 220 51 7 10 0 -10
g 56 8 227 51 7 10 0 -10
g 57 8 234 49 7 10 0 -10
g 58 3 176 141 3 7 0 -7
g 59 3 8 143 3 9 0 -7
g 60 10 55 143 7 8 1 -8
g 61 10 239 155 8 4 1 -6
g 62 10 62 143 7 8 1 -8
g 63 6 241 49 6 10 0 -10
g 64 13 231 26 12 12 1 -10
g 65 9 247 49 9 10 0 -10
g 66 8 0 63 7 10 1 -10
g 67 9 7 63 8 10 0 -10
g 68 10 15 63 9 10 1 -10
g 69 7 24 63 6 10 1 -10
g 70 7 30 63 6 10 1 -10
g 71 10 36 62 9 10 0 -10
g 72 10 45 62 8 10 1 -10
g 73 4 53 62 4 10 0 -10
g 74 5 57 62 4 10 0 -10
g 75 8 61 62 8 10 1 -10
g 76 7 69 62 6 10 1 -10
g 77 13 75 62 11 10 1 -10
g 78 10 86 62 9 10 1 -10
g 79 11 95 62 10 10 0 -10
g 80 8 105 62 7 10 1 -10
g 81 11 31 0 11 13 0 -10
g 82 8 112 62 8 10 1 -10
g 83 7 120 62 7 10 0 -10
g 84 7 127 62 8 10 0 -10
g 85 10 135 62 8 10 1 -10
g 86 9 143 61 9 10 0 -10
g 87 13 152 61 13 10 0 -10
g 88 8 165 61 9 10 0 -10
g 89 8 174 61 8 10 0 -10
g 90 8 182 61 8 10 0 -10
g 91 4 243 26 3 12 1 -10
g 92 5 247 38 7 11 -1 -10
g 93 4 246 26 3 12 0 -10
g 94 10 60 158 8 6 1 -10
g 95 6 161 162 6 1 0 1
g 96 4 93 163 4 2 0 -10
g 97 7 179 141 7 7 0 -7
g 98 8 190 61 7 10 1 -10
g 99 6 186 141 6 7 0 -7
g 100 8 197 61 8 10 0 -10
g 101 7 192 141 7 7 0 -7
g 102 4 205 61 5 10 0 -10
g 103 8 210 61 8 10 0 -7
g 104 8 218 61 6 10 1 -10
g 105 3 224 61 3 10 0 -10
g 106 3 42 0 5 13 -2 -10
g 107 7 227 61 6 10 1 -10
g 108 3 233 61 2 10 1 -10
g 109 12 199 141 11 7 1 -7
g 110 8 210 141 6 7 1 -7
g 111 8 216 141 8 7 0 -7
g 112 8 235 59 7 10 1 -7
g 113 8 242 59 8 10 0 -7
g 114 5 69 142 4 8 1 -8
g 115 6 224 141 6 7 0 -7
g 116 5 250 59 5 10 0 -10
g 117 8 230 141 7 7 0 -7
g 118 7 237 141 7 7 0 -7
g 119 10 244 141 10 7 0 -7
g 120 6 0 153 7 7 0 -7
g 121 7 0 73 7 10 0 -7
g 122 6 7 153 7 7 0 -7
g 123 4 249 26 4 12 0 -10
g 124 3 0 0 2 14 1 -11
g 125 4 0 40 4 12 0 -10
g 126 10 97 163 8 2 1 -5
g 160 4 0 0 0 0 0 0
g 161 4 7 73 2 10 1 -7
g 162 8 9 73 6 10 1 -10
g 163 8 15 73 7 10 0 -10
g 164 8 73 142 8 8 0 -9
g 165 8 22 73 8 10 0 -10
g 166 3 2 0 2 14 1 -11
g 167 6 30 73 6 10 0 -10
g 168 6 105 163 5 2 0 -10
g 169 12 36 72 11 10 1 -10
g 170 5 144 157 5 5 0 -10
g 171 7 149 157 7 5 0 -6
g 172 10 247 155 8 4 1 -6
g 173 6 167 162 5 1 0 -4
g 174 12 47 72 11 10 1 -10
g 175 6 172 162 6 1 0 -10
g 176 5 0 167 5 4 0 -10
g 177 10 81 142 8 8 1 -8
g 178 5 68 158 5 6 0 -12
g 179 5 73 157 5 6 0 -12
g 180 4 110 163 4 2 0 -10
g 181 8 58 72 7 10 1 -7
g 182 6 65 72 6 10 0 -10
g 183 3 114 163 3 2 0 -5
g 184 3 46 166 3 3 0 0
g 185 5 14 152 5 7 0 -13
g 186 6 156 157 6 5 0 -10
g 187 7 162 157 7 5 0 -6
g 188 13 0 52 12 11 0 -11
g 189 13 12 52 12 11 0 -11
g 190 13 71 72 13 10 0 -10
g 191 6 84 72 6 10 0 -7
g 192 9 47 0 9 13 0 -13
g 193 9 56 0 9 13 0 -13
g 194 9 65 0 9 13 0 -13
g 195 9 4 40 9 12 0 -12
g 196 9 74 0 9 13 0 -13
g 197 9 13 40 9 12 0 -12
g 198 12 90 72 12 10 0 -10
g 199 9 83 0 8 13 0 -10
g 200 7 91 0 6 13 1 -13
g 201 7 97 0 6 13 1 -13
g 202 7 103 0 6 13 1 -13
g 203 7 109 0 6 13 1 -13
g 204 4 115 0 4 13 0 -13
g 205 4 119 0 4 13 0 -13
g 206 4 123 0 5 13 -1 -13
g 207 4 128 0 5 13 -1 -13
g 208 10 102 72 10 10 0 -10
g 209 10 22 40 9 12 1 -12
g 210 11 133 0 10 13 0 -13
g 211 11 143 0 10 13 0 -13
g 212 11 153 0 10 13 0 -13
g 213 11 31 39 10 12 0 -12
g 214 11 163 0 10 13 0 -13
g 215 10 78 157 7 6 1 -7
g 216 11 41 39 10 12 0 -11
g 217 10 173 0 8 13 1 -13
g 218 10 181 0 8 13 1 -13
g 219 10 189 0 8 13 1 -13
g 220 10 197 0 8 13 1 -13
g 221 8 205 0 8 13 0 -13
g 222 8 112 72 7 10 1 -10
g 223 8 119 72 7 10 1 -10
g 224 7 126 72 7 10 0 -10
g 225 7 133 72 7 10 0 -10
g 226 7 140 72 7 10 0 -10
g 227 7 147 71 7 10 0 -10
g 228 7 154 71 7 10 0 -10
g 229 7 24 52 7 11 0 -11
g 230 12 19 152 12 7 0 -7
g 231 6 161 71 6 10 0 -7
g 232 7 167 71 7 10 0 -10
g 233 7 174 71 7 10 0 -10
g 234 7 181 71 7 10 0 -10
g 235 7 188 71 7 10 0 -10
g 236 3 195 71 4 10 -1 -10
g 237 3 199 71 4 10 0 -10
g 238 3 203 71 5 10 -1 -10
g 239 3 208 71 5 10 -1 -10
g 240 8 31 51 8 11 0 -11
g 241 8 213 71 6 10 1 -10
g 242 8 219 71 8 10 0 -10
g 243 8 227 71 8 10 0 -10
g 244 8 235 69 8 10 0 -10
g 245 8 243 69 8 10 0 -10
g 246 8 0 83 8 10 0 -10
g 247 10 31 152 8 7 1 -7
g 248 8 11 143 9 9 0 -8
g 249 8 8 83 7 10 0 -10
g 250 8 15 83 7 10 0 -10
g 251 8 22 83 7 10 0 -10
g 252 8 29 83 7 10 0 -10
g 253 7 213 0 7 13 0 -10
g 254 8 220 0 7 13 1 -10
g 255 7 227 0 7 13 0 -10

style bold
g 13 0 0 0 0 0 0 0
g 32 4 0 0 0 0 0 0
g 33 5 36 82 3 10 1 -10
g 34 7 49 166 5 3 1 -10
g 35 8 39 82 9 10 0 -10
g 36 8 234 0 8 13 0 -11
g 37 12 48 82 12 10 0 -10
g 38 12 60 82 12 10 0 -10
g 39 4 54 166 2 3 1 -10
g 40 5 51 39 5 12 1 -10
g 41 5 56 39 5 12 0 -10
g 42 6 85 157 6 6 0 -10
g 43 10 39 152 8 7 1 -8
g 44 4 5 167 3 4 0 -2
g 45 6 56 166 5 3 0 -5
g 46 4 61 164 4 3 0 -3
g 47 6 39 51 8 11 -1 -10
g 48 8 72 82 8 10 0 -10
g 49 8 80 82 7 10 1 -10
g 50 8 87 82 8 10 0 -10
g 51 8 95 82 7 10 1 -10
g 52 8 102 82 8 10 0 -10
g 53 8 110 82 7 10 1 -10
g 54 8 117 82 8 10 0 -10
g 55 8 125 82 8 10 0 -10
g 56 8 133 82 8 10 0 -10
g 57 8 141 82 8 10 0 -10
g 58 4 47 152 4 7 0 -7
g 59 4 20 143 4 9 0 -7
g 60 10 89 142 8 8 1 -8
g 61 10 91 157 8 6 1 -7
g 62 10 97 142 8 8 1 -8
g 63 6 149 81 6 10 0 -10
g 64 13 61 39 13 12 0 -10
g 65 10 155 81 10 10 0 -10
g 66 9 165 81 8 10 1 -10
g 67 9 173 81 9 10 0 -10
g 68 10 182 81 9 10 1 -10
g 69 7 191 81 6 10 1 -10
g 70 7 197 81 6 10 1 -10
g 71 10 203 81 10 10 0 -10
g 72 11 213 81 9 10 1 -10
g 73 4 222 81 5 10 0 -10
g 74 6 227 81 6 10 0 -10
g 75 9 233 81 9 10 1 -10
g 76 7 242 79 6 10 1 -10
g 77 13 0 93 12 10 1 -10
g 78 11 12 93 9 10 1 -10
g 79 11 21 93 11 10 0 -10
g 80 9 32 93 8 10 1 -10
g 81 11 242 0 11 13 0 -10
g 82 9 40 92 9 10 1 -10
g 83 8 49 92 8 10 0 -10
g 84 8 57 92 8 10 0 -10
g 85 10 65 92 9 10 1 -10
g 86 9 74 92 10 10 0 -10
g 87 14 84 92 14 10 0 -10
g 88 9 98 92 10 10 0 -10
g 89 9 108 92 9 10 0 -10
g 90 9 117 92 9 10 0 -10
g 91 5 74 39 4 12 1 -10
g 92 6 47 51 7 11 0 -10
g 93 5 78 39 4 12 0 -10
g 94 10 99 157 8 6 1 -10
g 95 6 178 160 6 1 0 1
g 96 4 117 163 5 2 0 -10
g 97 8 51 152 7 7 0 -7
g 98 9 126 92 9 10 0 -10
g 99 7 58 151 7 7 0 -7
g 100 9 135 92 8 10 0 -10
g 101 8 65 151 8 7 0 -7
g 102 5 143 92 6 10 0 -10
g 103 9 149 91 8 10 0 -7
g 104 8 157 91 8 10 0 -10
g 105 4 165 91 4 10 0 -10
g 106 4 0 14 5 13 -1 -10
g 107 8 169 91 8 10 0 -10
g 108 4 177 91 4 10 0 -10
g 109 13 73 150 13 7 0 -7
g 110 8 86 150 8 7 0 -7
g 111 9 94 150 9 7 0 -7
g 112 9 181 91 9 10 0 -7
g 113 9 190 91 8 10 0 -7
g 114 6 105 142 6 8 0 -8
g 115 6 103 150 6 7 0 -7
g 116 5 198 91 6 10 0 -10
g 117 8 109 150 8 7 0 -7
g 118 8 117 150 8 7 0 -7
g 119 11 125 150 12 7 0 -7
g 120 8 137 150 8 7 0 -7
g 121 8 204 91 9 10 -1 -7
g 122 7 145 150 7 7 0 -7
g 123 5 5 14 5 13 0 -10
g 124 5 4 0 3 14 1 -11
g 125 5 10 14 5 13 0 -10
g 126 10 8 167 8 4 1 -6
g 160 4 0 0 0 0 0 0
g 161 5 213 91 3 10 1 -7
g 162 8 216 91 6 10 1 -10
g 163 8 222 91 8 10 0 -10
g 164 8 111 142 8 8 0 -9
g 165 8 230 91 8 10 0 -10
g 166 5 7 0 3 14 1 -11
g 167 7 238 91 7 10 0 -10
g 168 6 122 163 6 2 0 -10
g 169 12 0 103 12 10 0 -10
g 170 6 169 157 6 5 0 -10
g 171 8 175 155 8 5 0 -6
g 172 10 183 155 8 5 1 -7
g 173 6 65 164 5 3 0 -5
g 174 12 12 103 12 10 0 -10
g 175 6 184 160 6 1 0 -10
g 176 5 191 155 5 5 0 -10
g 177 10 24 143 8 9 1 -9
g 178 6 119 142 5 8 0 -13
g 179 6 152 150 5 7 0 -12
g 180 4 128 163 5 2 0 -10
g 181 9 24 103 8 10 0 -7
g 182 7 32 103 7 10 0 -10
g 183 4 70 164 4 3 0 -6
g 184 3 74 163 4 3 0 0
g 185 6 157 150 5 7 0 -12
g 186 6 107 157 6 6 0 -10
g 187 8 196 155 8 5 0 -6
g 188 13 54 51 13 11 0 -11
g 189 14 67 51 13 11 0 -11
g 190 14 39 103 13 10 0 -10
g 191 6 52 102 6 10 0 -7
g 192 10 15 14 10 13 0 -13
g 193 10 25 13 10 13 0 -13
g 194 10 35 13 10 13 0 -13
g 195 10 45 13 10 13 0 -13
g 196 10 82 39 10 12 0 -12
g 197 10 92 39 10 12 0 -12
g 198 13 58 102 14 10 -1 -10
g 199 9 55 13 9 13 0 -10
g 200 7 64 13 6 13 1 -13
g 201 7 70 13 6 13 1 -13
g 202 7 76 13 6 13 1 -13
g 203 7 102 39 6 12 1 -12
g 204 4 82 13 6 13 -1 -13
g 205 4 88 13 5 13 0 -13
g 206 4 93 13 6 13 -1 -13
g 207 4 108 39 6 12 -1 -12
g 208 10 72 102 10 10 0 -10
g 209 11 99 13 9 13 1 -13
g 210 11 108 13 11 13 0 -13
g 211 11 119 13 11 13 0 -13
g 212 11 130 13 11 13 0 -13
g 213 11 10 0 11 14 0 -14
g 214 11 141 13 11 13 0 -13
g 215 10 124 142 8 8 1 -8
g 216 11 114 39 11 12 0 -11
g 217 10 152 13 9 13 1 -13
g 218 10 161 13 9 13 1 -13
g 219 10 170 13 9 13 1 -13
g 220 10 179 13 9 13 1 -13
g 221 9 188 13 9 13 0 -13
g 222 9 82 102 8 10 1 -10
g 223 9 90 102 9 10 0 -10
g 224 8 99 102 7 10 0 -10
g 225 8 106 102 7 10 0 -10
g 226 8 113 102 7 10 0 -10
g 227 8 120 102 7 10 0 -10
g 228 8 127 102 7 10 0 -10
g 229 8 80 51 7 11 0 -11
g 230 12 162 150 12 7 0 -7
g 231 7 134 102 7 10 0 -7
g 232 8 141 102 8 10 0 -10
g 233 8 149 101 8 10 0 -10
g 234 8 157 101 8 10 0 -10
g 235 8 165 101 8 10 0 -10
g 236 4 173 101 5 10 -1 -10
g 237 4 178 101 5 10 0 -10
g 238 4 183 101 6 10 -1 -10
g 239 4 189 101 6 10 -1 -10
g 240 8 87 51 8 11 0 -11
g 241 8 195 101 8 10 0 -10
g 242 9 203 101 9 10 0 -10
g 243 9 212 101 9 10 0 -10
g 244 9 221 101 9 10 0 -10
g 245 9 230 101 9 10 0 -10
g 246 9 239 101 9 10 0 -10
g 247 10 174 148 8 7 1 -7
g 248 9 32 143 9 9 0 -8
g 249 8 248 79 8 10 0 -10
g 250 8 0 113 8 10 0 -10
g 251 8 8 113 8 10 0 -10
g 252 8 16 113 8 10 0 -10
g 253 8 197 13 9 13 -1 -10
g 254 9 206 13 9 13 0 -10
g 255 8 215 13 9 13 -1 -10

style italic
g 13 0 0 0 0 0 0 0
g 32 4 0 0 0 0 0 0
g 33 4 24 113 5 10 0 -10
g 34 5 78 163 4 3 1 -10
g 35 8 29 113 9 10 0 -10
g 36 8 224 13 8 13 0 -11
g 37 12 38 113 10 10 1 -10
g 38 11 48 113 11 10 0 -10
g 39 3 82 163 2 3 1 -10
g 40 4 125 39 6 12 0 -10
g 41 4 131 39 6 12 -2 -10
g 42 6 204 155 5 5 1 -10
g 43 10 182 148 8 7 1 -7
g 44 3 16 167 3 4 -1 -2
g 45 6 190 160 5 1 0 -4
g 46 3 133 163 2 2 0 -2
g 47 6 95 51 10 11 -2 -10
g 48 8 59 112 8 10 0 -10
g 49 8 67 112 7 10 0 -10
g 50 8 74 112 9 10 -1 -10
g 51 8 83 112 8 10 0 -10
g 52 8 91 112 8 10 0 -10
g 53 8 99 112 8 10 0 -10
g 54 8 107 112 8 10 0 -10
g 55 8 115 112 9 10 0 -10
g 56 8 124 112 8 10 0 -10
g 57 8 132 112 8 10 0 -10
g 58 3 190 148 3 7 0 -7
g 59 3 41 143 4 9 -1 -7
g 60 10 132 142 7 8 1 -8
g 61 10 19 166 8 4 1 -6
g 62 10 139 142 7 8 2 -8
g 63 6 140 112 6 10 1 -10
g 64 13 137 39 12 12 1 -10
g 65 9 146 112 10 10 -1 -10
g 66 8 156 111 8 10 0 -10
g 67 9 164 111 10 10 0 -10
g 68 10 174 111 10 10 0 -10
g 69 7 184 111 8 10 0 -10
g 70 7 192 111 8 10 0 -10
g 71 10 200 111 10 10 0 -10
g 72 10 210 111 10 10 0 -10
g 73 4 220 111 4 10 0 -10
g 74 5 224 111 6 10 -1 -10
g 75 8 230 111 10 10 0 -10
g 76 6 240 111 6 10 0 -10
g 77 11 0 123 12 10 0 -10
g 78 11 12 123 11 10 0 -10
g 79 11 23 123 11 10 0 -10
g 80 8 34 123 9 10 0 -10
g 81 11 232 13 11 13 0 -10
g 82 8 43 123 8 10 0 -10
g 83 7 51 123 7 10 0 -10
g 84 7 58 123 8 10 1 -10
g 85 10 66 122 9 10 1 -10
g 86 9 75 122 9 10 1 -10
g 87 13 84 122 14 10 1 -10
g 88 8 98 122 11 10 -1 -10
g 89 8 109 122 8 10 1 -10
g 90 8 117 122 11 10 -1 -10
g 91 4 149 39 6 12 0 -10
g 92 5 105 51 4 11 1 -10
g 93 4 155 39 7 12 -2 -10
g 94 10 113 157 8 6 1 -10
g 95 6 195 160 7 1 -2 1
g 96 5 135 163 4 2 1 -10
g 97 8 193 148 8 7 0 -7
g 98 8 128 122 8 10 0 -10
g 99 6 201 148 7 7 0 -7
g 100 8 136 122 8 10 0 -10
g 101 7 208 148 7 7 0 -7
g 102 4 162 39 6 12 0 -10
g 103 8 144 122 9 10 -1 -7
g 104 8 153 122 8 10 0 -10
g 105 4 161 121 4 10 0 -10
g 106 3 243 13 7 13 -3 -10
g 107 7 165 121 8 10 0 -10
g 108 4 173 121 4 10 0 -10
g 109 12 215 148 12 7 0 -7
g 110 8 227 148 8 7 0 -7
g 111 8 235 148 7 7 0 -7
g 112 8 177 121 9 10 -1 -7
g 113 8 186 121 8 10 0 -7
g 114 5 146 142 6 8 0 -8
g 115 6 242 148 6 7 0 -7
g 116 5 194 121 5 10 0 -10
g 117 8 248 148 8 7 0 -7
g 118 7 0 160 8 7 0 -7
g 119 10 8 160 11 7 0 -7
g 120 6 19 159 8 7 -1 -7
g 121 7 199 121 10 10 -2 -7
g 122 6 27 159 8 7 -1 -7
g 123 4 168 39 6 12 0 -10
g 124 3 21 0 2 14 1 -11
g 125 4 174 39 5 12 -1 -10
g 126 10 139 162 8 2 1 -5
g 160 4 0 0 0 0 0 0
g 161 4 209 121 4 10 0 -7
g 162 8 213 121 7 10 1 -10
g 163 8 220 121 8 10 0 -10
g 164 8 152 142 8 8 0 -9
g 165 8 228 121 9 10 0 -10
g 166 3 23 0 2 14 1 -11
g 167 6 237 121 7 10 0 -10
g 168 5 147 162 5 2 1 -10
g 169 13 244 121 11 10 1 -10
g 170 6 209 155 6 5 1 -10
g 171 7 215 155 8 5 0 -6
g 172 10 27 166 8 4 1 -6
g 173 6 202 160 5 1 0 -4
g 174 13 0 133 11 10 1 -10
g 175 5 207 160 5 1 1 -9
g 176 5 35 166 5 4 1 -10
g 177 10 160 142 8 8 1 -8
g 178 5 121 157 5 6 1 -12
g 179 5 126 157 5 6 1 -12
g 180 5 152 162 4 2 2 -10
g 181 8 11 133 9 10 -1 -7
g 182 6 20 133 6 10 1 -10
g 183 3 84 163 3 3 0 -6
g 184 5 87 163 3 3 0 0
g 185 5 35 159 5 7 1 -13
g 186 6 223 155 6 5 1 -10
g 187 7 229 155 7 5 0 -6
g 188 13 109 51 11 11 1 -11
g 189 13 120 51 12 11 1 -11
g 190 13 26 133 12 10 1 -10
g 191 6 38 133 6 10 -1 -7
g 192 9 0 27 10 13 -1 -13
g 193 9 10 27 10 13 -1 -13
g 194 9 20 27 10 13 -1 -13
g 195 9 179 39 10 12 -1 -12
g 196 9 30 26 10 13 -1 -13
g 197 9 189 39 10 12 -1 -12
g 198 12 44 133 14 10 -1 -10
g 199 9 40 26 10 13 0 -10
g 200 7 50 26 8 13 0 -13
g 201 7 58 26 8 13 0 -13
g 202 7 66 26 8 13 0 -13
g 203 7 74 26 8 13 0 -13
g 204 4 82 26 5 13 0 -13
g 205 4 87 26 6 13 0 -13
g 206 4 93 26 6 13 0 -13
g 207 4 99 26 6 13 0 -13
g 208 10 58 133 10 10 0 -10
g 209 11 199 39 11 12 0 -12
g 210 11 105 26 11 13 0 -13
g 211 11 116 26 11 13 0 -13
g 212 11 127 26 11 13 0 -13
g 213 11 210 39 11 12 0 -12
g 214 11 138 26 11 13 0 -13
g 215 10 131 157 7 6 1 -7
g 216 11 221 39 11 12 0 -11
g 217 10 149 26 9 13 1 -13
g 218 10 158 26 9 13 1 -13
g 219 10 167 26 9 13 1 -13
g 220 10 176 26 9 13 1 -13
g 221 8 185 26 8 13 1 -13
g 222 8 68 132 8 10 0 -10
g 223 8 76 132 8 10 0 -10
g 224 8 84 132 8 10 0 -10
g 225 8 92 132 8 10 0 -10
g 226 8 100 132 8 10 0 -10
g 227 8 108 132 8 10 0 -10
g 228 8 116 132 8 10 0 -10
g 229 8 132 51 8 11 0 -11
g 230 12 40 159 12 7 0 -7
g 231 6 124 132 7 10 0 -7
g 232 7 131 132 7 10 0 -10
g 233 7 138 132 7 10 0 -10
g 234 7 145 132 7 10 0 -10
g 235 7 152 132 7 10 0 -10
g 236 4 159 132 4 10 0 -10
g 237 4 163 131 5 10 0 -10
g 238 4 168 131 5 10 0 -10
g 239 4 173 131 5 10 0 -10
g 240 7 178 131 8 10 0 -10
g 241 8 186 131 8 10 0 -10
g 242 8 194 131 7 10 0 -10
g 243 8 201 131 7 10 0 -10
g 244 8 208 131 7 10 0 -10
g 245 8 215 131 7 10 0 -10
g 246 8 222 131 7 10 0 -10
g 247 10 52 159 8 7 1 -7
g 248 8 45 143 10 9 -1 -8
g 249 8 229 131 8 10 0 -10
g 250 8 237 131 8 10 0 -10
g 251 8 245 131 8 10 0 -10
g 252 8 0 143 8 10 0 -10
g 253 7 193 26 10 13 -2 -10
g 254 8 203 26 9 13 -1 -10
g 255 7 212 26 10 13 -2 -10

# kerning pairs: left glyph index, right glyph index, x-delta
# indices are zero-based and refer to glyphs in the order they appear in this file.

k 35 54 -1
k 35 59 -1
k 50 35 -1
k 54 35 -1
k 54 67 -1
k 54 69 -1
k 54 70 -1
k 54 71 -1
k 54 73 -1
k 54 79 -1
k 54 80 -1
k 54 81 -1
k 54 82 -1
k 54 83 -1
k 54 84 -1
k 54 85 -1
k 54 87 -1
k 54 90 -1
k 56 67 -1
k 59 35 -1
k 59 67 -1
k 59 69 -1
k 59 70 -1
k 59 71 -1
k 59 73 -1
k 59 79 -1
k 59 80 -1
k 59 81 -1
k 59 82 -1
k 59 83 -1
k 59 84 -1
k 59 87 -1
k 227 246 -1
k 227 251 -1
k 238 246 -1
k 238 251 -1
k 242 236 -1
k 246 227 -1
k 246 236 -1
k 246 259 -1
k 246 261 -1
k 246 262 -1
k 246 263 -1
k 246 265 -1
k 246 271 -1
k 246 272 -1
k 246 273 -1
k 246 275 -1
k 246 276 -1
k 246 277 -1
k 246 279 -1
k 246 282 -1
k 248 259 -1
k 251 227 -1
k 251 259 -1
k 251 261 -1
k 251 262 -1
k 251 263 -1
k 251 265 -1
k 251 273 -1
k 251 274 -1
k 251 275 -1
k 419 438 -1
k 419 443 -1
k 430 438 -1
k 430 440 -1
k 430 443 -1
k 438 451 -1
k 438 453 -1
k 438 454 -1
k 438 455 -1
k 438 457 -1
k 438 465 -1
k 438 467 -1
k 438 469 -1
k 443 451 -1
k 443 453 -1
k 443 454 -1
k 443 455 -1
k 443 457 -1
k 443 465 -1
k 443 467 -1